(0, 0)
(1, 1)
(2, 2)
(3, 3)
(4, 4)
(5, 5)
(6, 6)
(7, 7)
(8, 8)
(9, 9)
(10, 10)
(11, 11)
(12, 12)
(13, 13)
(14, 14)
(15, 15)
(16, 16)
(17, 17)
(18, 18)
(19, 19)
(20, 20)
(21, 21)
(22, 22)
(23, 23)
(24, 24)
(25, 25)
(26, 26)
(27, 27)
(28, 28)
(28, 2430)
(29, 29)
(29, 2431)
(30, 2432)
(30, 30)
(31, 2433)
(31, 2434)
(31, 31)
(32, 32)
(32, 2435)
(33, 33)
(33, 2436)
(34, 34)
(34, 2437)
(35, 35)
(35, 2438)
(36, 36)
(36, 2439)
(37, 2440)
(37, 37)
(38, 2441)
(38, 38)
(39, 2442)
(39, 39)
(40, 40)
(40, 2443)
(41, 41)
(41, 2444)
(42, 42)
(42, 2445)
(43, 43)
(43, 2446)
(44, 44)
(44, 2447)
(45, 2448)
(45, 45)
(46, 2449)
(46, 46)
(47, 47)
(48, 48)
(49, 49)
(50, 50)
(50, 2452)
(51, 51)
(51, 2453)
(52, 52)
(52, 2454)
(53, 53)
(53, 2455)
(54, 2456)
(54, 54)
(55, 2457)
(55, 55)
(56, 56)
(56, 2458)
(57, 57)
(57, 2459)
(58, 58)
(58, 2460)
(59, 59)
(59, 2461)
(60, 60)
(60, 2462)
(61, 61)
(61, 2463)
(62, 2464)
(62, 62)
(63, 2465)
(63, 63)
(64, 64)
(64, 2466)
(65, 65)
(66, 66)
(67, 67)
(68, 68)
(69, 69)
(70, 70)
(71, 2472)
(71, 71)
(72, 72)
(72, 2473)
(73, 73)
(73, 2474)
(74, 74)
(74, 2475)
(75, 75)
(75, 2476)
(76, 76)
(76, 2477)
(77, 77)
(77, 2478)
(78, 78)
(78, 2479)
(79, 2480)
(79, 79)
(80, 80)
(80, 2481)
(81, 81)
(81, 2482)
(82, 82)
(82, 2483)
(83, 83)
(83, 2484)
(84, 84)
(84, 2485)
(85, 85)
(85, 2486)
(86, 86)
(86, 2487)
(87, 2488)
(87, 87)
(88, 88)
(88, 2489)
(89, 89)
(89, 2490)
(90, 90)
(90, 2491)
(91, 91)
(91, 2492)
(92, 92)
(92, 2493)
(93, 93)
(93, 2494)
(94, 94)
(94, 2495)
(95, 2496)
(95, 95)
(96, 96)
(96, 2497)
(97, 97)
(97, 2498)
(98, 98)
(98, 2499)
(99, 99)
(100, 100)
(100, 2500)
(101, 101)
(101, 2501)
(102, 2502)
(102, 102)
(103, 103)
(104, 104)
(104, 2503)
(105, 2504)
(105, 105)
(106, 106)
(107, 107)
(108, 108)
(109, 109)
(110, 110)
(111, 111)
(112, 112)
(112, 113)
(113, 113)
(113, 114)
(114, 114)
(114, 115)
(115, 115)
(115, 116)
(116, 116)
(116, 117)
(117, 117)
(117, 118)
(118, 118)
(118, 119)
(119, 120)
(119, 119)
(120, 120)
(120, 121)
(121, 2512)
(121, 121)
(121, 122)
(122, 2512)
(122, 122)
(122, 123)
(123, 2513)
(123, 123)
(123, 124)
(124, 2513)
(124, 124)
(124, 125)
(125, 2513)
(125, 125)
(125, 126)
(126, 2514)
(126, 126)
(126, 127)
(127, 128)
(127, 2514)
(127, 127)
(128, 128)
(128, 129)
(129, 129)
(129, 130)
(130, 130)
(130, 131)
(131, 131)
(131, 132)
(132, 132)
(132, 133)
(133, 133)
(133, 134)
(134, 134)
(134, 135)
(135, 136)
(135, 135)
(136, 136)
(136, 137)
(137, 137)
(137, 138)
(138, 138)
(138, 139)
(139, 139)
(139, 140)
(140, 140)
(140, 141)
(141, 141)
(141, 142)
(142, 142)
(142, 143)
(143, 144)
(143, 143)
(144, 144)
(144, 145)
(145, 145)
(145, 146)
(146, 146)
(146, 147)
(147, 147)
(147, 148)
(148, 148)
(148, 149)
(149, 149)
(149, 150)
(150, 150)
(151, 151)
(152, 152)
(153, 153)
(154, 154)
(155, 155)
(156, 156)
(157, 157)
(158, 158)
(159, 159)
(160, 160)
(161, 161)
(162, 162)
(163, 163)
(164, 164)
(165, 165)
(166, 166)
(167, 167)
(168, 168)
(169, 169)
(170, 170)
(171, 171)
(172, 172)
(173, 173)
(174, 174)
(175, 175)
(176, 176)
(177, 177)
(178, 178)
(179, 179)
(180, 180)
(181, 181)
(182, 182)
(183, 183)
(184, 184)
(185, 185)
(186, 186)
(187, 187)
(188, 188)
(189, 189)
(190, 190)
(191, 191)
(192, 192)
(193, 193)
(194, 194)
(195, 195)
(196, 196)
(197, 197)
(198, 198)
(199, 199)
(200, 200)
(201, 201)
(202, 202)
(203, 203)
(204, 204)
(205, 205)
(206, 206)
(207, 207)
(208, 208)
(209, 209)
(210, 210)
(211, 211)
(212, 212)
(213, 213)
(214, 214)
(215, 215)
(216, 216)
(217, 217)
(218, 218)
(219, 219)
(220, 220)
(221, 221)
(222, 222)
(223, 223)
(224, 224)
(225, 225)
(226, 226)
(227, 227)
(228, 228)
(229, 229)
(230, 230)
(231, 231)
(232, 232)
(233, 233)
(234, 234)
(235, 235)
(236, 236)
(237, 237)
(238, 238)
(239, 239)
(240, 240)
(241, 241)
(242, 242)
(243, 243)
(244, 244)
(245, 245)
(246, 246)
(247, 247)
(248, 248)
(249, 249)
(250, 250)
(251, 251)
(252, 252)
(253, 253)
(254, 254)
(255, 255)
(256, 256)
(257, 257)
(258, 258)
(259, 259)
(260, 260)
(261, 261)
(262, 262)
(263, 263)
(264, 264)
(265, 265)
(266, 266)
(267, 267)
(268, 268)
(269, 269)
(270, 270)
(271, 271)
(272, 272)
(273, 273)
(274, 274)
(275, 275)
(276, 276)
(277, 277)
(278, 278)
(279, 279)
(280, 280)
(281, 281)
(282, 282)
(283, 283)
(284, 284)
(285, 285)
(286, 286)
(287, 287)
(288, 288)
(289, 289)
(290, 290)
(291, 291)
(292, 292)
(293, 293)
(294, 294)
(295, 295)
(296, 296)
(297, 297)
(298, 298)
(299, 299)
(300, 300)
(301, 301)
(302, 302)
(303, 303)
(304, 304)
(305, 305)
(306, 306)
(307, 307)
(308, 308)
(309, 309)
(310, 310)
(311, 311)
(312, 312)
(313, 313)
(314, 314)
(315, 315)
(316, 316)
(317, 317)
(318, 318)
(319, 319)
(320, 320)
(321, 321)
(322, 322)
(323, 323)
(324, 324)
(325, 325)
(326, 326)
(327, 327)
(328, 328)
(329, 329)
(330, 330)
(331, 331)
(332, 332)
(333, 333)
(334, 334)
(335, 335)
(336, 336)
(337, 337)
(338, 338)
(339, 339)
(340, 340)
(341, 341)
(342, 342)
(343, 343)
(344, 344)
(345, 345)
(346, 346)
(347, 347)
(348, 348)
(349, 349)
(350, 350)
(351, 351)
(352, 352)
(353, 353)
(354, 354)
(355, 355)
(356, 356)
(357, 357)
(358, 358)
(359, 359)
(360, 360)
(361, 361)
(362, 362)
(363, 363)
(364, 364)
(365, 365)
(366, 366)
(367, 367)
(368, 368)
(368, 369)
(369, 369)
(369, 370)
(370, 370)
(370, 371)
(371, 371)
(371, 372)
(372, 372)
(372, 373)
(373, 373)
(373, 374)
(374, 374)
(374, 375)
(375, 376)
(375, 375)
(376, 376)
(376, 377)
(377, 377)
(377, 378)
(378, 378)
(378, 379)
(379, 379)
(379, 380)
(380, 380)
(381, 381)
(382, 382)
(383, 383)
(384, 384)
(385, 385)
(386, 386)
(387, 387)
(388, 388)
(389, 389)
(390, 390)
(391, 391)
(392, 392)
(393, 393)
(394, 394)
(395, 395)
(396, 396)
(397, 397)
(398, 398)
(399, 399)
(400, 400)
(401, 401)
(402, 402)
(403, 403)
(404, 404)
(405, 405)
(405, 406)
(406, 406)
(406, 407)
(407, 408)
(407, 407)
(408, 408)
(408, 409)
(409, 409)
(409, 410)
(410, 410)
(410, 411)
(411, 411)
(411, 412)
(412, 412)
(412, 413)
(413, 413)
(413, 414)
(414, 414)
(414, 415)
(415, 416)
(415, 415)
(416, 416)
(416, 417)
(417, 417)
(417, 418)
(418, 418)
(418, 419)
(419, 419)
(419, 420)
(420, 420)
(420, 421)
(421, 421)
(421, 422)
(422, 422)
(422, 423)
(423, 424)
(423, 423)
(424, 424)
(424, 425)
(425, 425)
(425, 426)
(426, 426)
(426, 427)
(427, 427)
(427, 428)
(428, 428)
(428, 429)
(429, 429)
(429, 430)
(430, 430)
(430, 431)
(431, 432)
(431, 431)
(432, 432)
(432, 433)
(433, 433)
(433, 434)
(434, 434)
(434, 435)
(435, 435)
(435, 436)
(436, 436)
(437, 437)
(438, 438)
(439, 439)
(440, 440)
(441, 441)
(442, 442)
(443, 443)
(444, 444)
(445, 445)
(446, 446)
(447, 447)
(448, 448)
(449, 449)
(450, 450)
(451, 451)
(452, 452)
(453, 453)
(454, 454)
(455, 455)
(456, 456)
(457, 457)
(458, 458)
(459, 459)
(460, 460)
(461, 461)
(462, 462)
(463, 463)
(464, 464)
(465, 465)
(466, 466)
(467, 467)
(468, 468)
(469, 469)
(470, 470)
(471, 471)
(472, 472)
(473, 473)
(474, 474)
(475, 475)
(476, 476)
(477, 477)
(478, 478)
(479, 479)
(480, 480)
(481, 481)
(482, 482)
(483, 483)
(484, 484)
(485, 485)
(486, 486)
(487, 487)
(488, 488)
(489, 489)
(490, 490)
(491, 491)
(492, 492)
(493, 493)
(494, 494)
(495, 495)
(496, 496)
(497, 497)
(498, 498)
(499, 499)
(500, 500)
(501, 501)
(502, 502)
(503, 503)
(504, 504)
(505, 505)
(506, 506)
(507, 507)
(507, 508)
(508, 508)
(508, 509)
(509, 509)
(509, 510)
(510, 510)
(510, 511)
(511, 512)
(511, 511)
(512, 512)
(512, 513)
(513, 513)
(513, 514)
(514, 514)
(514, 515)
(515, 515)
(515, 516)
(516, 516)
(516, 517)
(517, 517)
(517, 518)
(518, 518)
(518, 519)
(519, 520)
(519, 519)
(520, 520)
(520, 521)
(521, 521)
(521, 522)
(522, 522)
(522, 523)
(523, 523)
(523, 524)
(524, 524)
(524, 525)
(525, 525)
(525, 526)
(526, 526)
(526, 527)
(527, 528)
(527, 527)
(528, 528)
(528, 529)
(529, 529)
(529, 530)
(530, 530)
(530, 531)
(531, 531)
(531, 532)
(532, 532)
(532, 533)
(533, 533)
(533, 534)
(534, 534)
(534, 535)
(535, 536)
(535, 535)
(536, 536)
(536, 537)
(537, 537)
(537, 538)
(538, 538)
(538, 539)
(538, 1302)
(539, 1302)
(539, 1303)
(539, 539)
(539, 540)
(540, 1302)
(540, 1303)
(540, 1304)
(540, 540)
(540, 541)
(541, 1303)
(541, 1304)
(541, 541)
(541, 542)
(542, 1304)
(542, 542)
(542, 543)
(543, 544)
(543, 543)
(544, 544)
(544, 545)
(545, 545)
(545, 546)
(546, 546)
(546, 547)
(547, 547)
(547, 548)
(548, 548)
(548, 549)
(549, 549)
(549, 550)
(550, 550)
(550, 551)
(551, 552)
(551, 551)
(552, 552)
(552, 553)
(553, 553)
(553, 554)
(554, 554)
(554, 555)
(555, 555)
(556, 556)
(557, 557)
(558, 558)
(559, 559)
(560, 560)
(561, 561)
(562, 562)
(563, 563)
(564, 564)
(565, 565)
(566, 566)
(567, 567)
(568, 568)
(569, 569)
(570, 1328)
(570, 570)
(571, 1329)
(571, 571)
(572, 1330)
(572, 572)
(573, 1331)
(573, 573)
(574, 1332)
(574, 574)
(575, 1333)
(575, 575)
(576, 576)
(576, 1334)
(577, 577)
(577, 1335)
(578, 1336)
(578, 578)
(579, 1337)
(579, 579)
(580, 1338)
(580, 580)
(581, 1339)
(581, 581)
(582, 1340)
(582, 582)
(583, 1341)
(583, 583)
(584, 584)
(584, 1342)
(585, 585)
(585, 1343)
(586, 1344)
(586, 586)
(587, 1345)
(587, 587)
(588, 1346)
(588, 588)
(589, 1347)
(589, 589)
(590, 1348)
(590, 590)
(591, 1349)
(591, 591)
(592, 592)
(592, 1350)
(593, 593)
(593, 1351)
(594, 1352)
(594, 594)
(595, 1353)
(595, 595)
(596, 1353)
(596, 1354)
(596, 596)
(597, 1354)
(597, 597)
(598, 1355)
(598, 598)
(599, 1356)
(599, 599)
(600, 600)
(600, 1357)
(601, 601)
(601, 1358)
(602, 602)
(602, 1359)
(603, 1360)
(603, 603)
(604, 1361)
(604, 604)
(605, 1362)
(605, 605)
(606, 1363)
(606, 606)
(607, 1364)
(607, 607)
(608, 608)
(608, 1365)
(609, 609)
(609, 1366)
(610, 610)
(610, 1367)
(611, 1368)
(611, 611)
(612, 1369)
(612, 612)
(613, 1370)
(613, 613)
(614, 1371)
(614, 614)
(615, 1372)
(615, 615)
(616, 616)
(616, 1372)
(616, 1373)
(617, 617)
(617, 1373)
(618, 618)
(618, 1374)
(619, 619)
(619, 1375)
(620, 1376)
(620, 620)
(621, 1377)
(621, 621)
(622, 1378)
(622, 622)
(623, 1379)
(623, 623)
(624, 624)
(624, 1380)
(625, 625)
(625, 1381)
(626, 626)
(626, 1382)
(627, 627)
(627, 1383)
(628, 1384)
(628, 628)
(629, 1385)
(629, 629)
(630, 1386)
(630, 630)
(631, 1387)
(631, 631)
(632, 632)
(632, 1388)
(633, 633)
(633, 1389)
(634, 634)
(634, 1390)
(635, 635)
(635, 1391)
(636, 636)
(636, 1391)
(637, 1392)
(637, 637)
(638, 1393)
(638, 638)
(639, 1394)
(639, 639)
(640, 640)
(640, 1395)
(641, 641)
(641, 1396)
(642, 642)
(642, 1397)
(643, 643)
(643, 1398)
(644, 644)
(644, 1399)
(645, 1400)
(645, 645)
(646, 1401)
(646, 646)
(647, 1402)
(647, 647)
(648, 648)
(648, 1403)
(649, 649)
(649, 1404)
(650, 650)
(651, 651)
(651, 1405)
(652, 652)
(652, 1406)
(653, 653)
(653, 1407)
(654, 1408)
(654, 654)
(655, 1409)
(655, 655)
(656, 656)
(656, 1410)
(657, 657)
(657, 1411)
(658, 658)
(658, 1412)
(659, 659)
(659, 1413)
(660, 660)
(660, 1414)
(661, 661)
(662, 662)
(662, 1415)
(663, 1416)
(663, 663)
(664, 664)
(664, 1417)
(665, 665)
(665, 1418)
(666, 666)
(666, 1419)
(667, 667)
(667, 1420)
(668, 668)
(668, 1421)
(669, 669)
(669, 1422)
(670, 670)
(670, 1423)
(671, 1424)
(671, 671)
(672, 672)
(673, 673)
(673, 1425)
(674, 674)
(674, 1426)
(675, 675)
(675, 1427)
(676, 1428)
(676, 676)
(677, 1429)
(677, 677)
(678, 678)
(678, 1430)
(679, 679)
(679, 1431)
(680, 680)
(680, 1432)
(681, 1433)
(681, 681)
(682, 682)
(683, 683)
(684, 1435)
(684, 684)
(685, 1436)
(685, 685)
(686, 1437)
(686, 686)
(687, 1438)
(687, 687)
(688, 688)
(688, 1439)
(689, 1440)
(689, 689)
(690, 690)
(691, 691)
(692, 692)
(693, 693)
(694, 1444)
(694, 694)
(695, 1445)
(695, 695)
(696, 696)
(696, 1446)
(697, 697)
(697, 1447)
(698, 698)
(699, 699)
(700, 700)
(701, 701)
(702, 1451)
(702, 702)
(703, 1452)
(703, 703)
(704, 704)
(704, 1453)
(705, 705)
(705, 1454)
(706, 706)
(707, 707)
(708, 708)
(709, 1457)
(709, 709)
(710, 1458)
(710, 710)
(711, 1459)
(711, 711)
(712, 712)
(712, 1460)
(713, 713)
(713, 1461)
(714, 714)
(715, 715)
(716, 716)
(716, 1463)
(717, 1464)
(717, 717)
(718, 1465)
(718, 718)
(719, 1466)
(719, 719)
(720, 720)
(720, 1467)
(721, 721)
(721, 1468)
(722, 722)
(723, 723)
(723, 1469)
(724, 724)
(724, 1470)
(725, 725)
(725, 1471)
(726, 1472)
(726, 726)
(727, 1473)
(727, 727)
(728, 728)
(728, 1474)
(729, 729)
(730, 730)
(730, 1475)
(731, 731)
(731, 1476)
(732, 732)
(732, 1477)
(733, 733)
(733, 1478)
(734, 734)
(734, 1479)
(735, 1480)
(735, 735)
(736, 736)
(736, 1481)
(737, 737)
(738, 1482)
(738, 738)
(739, 739)
(739, 1483)
(740, 1484)
(740, 740)
(741, 741)
(741, 1485)
(742, 1486)
(742, 742)
(743, 1487)
(743, 743)
(744, 744)
(744, 1488)
(745, 1489)
(745, 745)
(746, 1490)
(746, 746)
(747, 747)
(747, 1491)
(748, 1492)
(748, 748)
(749, 1493)
(749, 1492)
(749, 749)
(750, 1493)
(750, 750)
(751, 1494)
(751, 751)
(752, 752)
(752, 1495)
(753, 1496)
(753, 753)
(754, 1497)
(754, 754)
(755, 1498)
(755, 755)
(756, 1499)
(756, 756)
(757, 1500)
(757, 757)
(758, 1501)
(758, 758)
(759, 1502)
(759, 759)
(760, 760)
(761, 761)
(762, 762)
(763, 763)
(764, 764)
(765, 765)
(766, 766)
(767, 767)
(768, 768)
(769, 769)
(770, 770)
(771, 771)
(772, 772)
(773, 773)
(774, 774)
(775, 775)
(776, 776)
(777, 777)
(777, 778)
(778, 778)
(778, 779)
(779, 779)
(779, 780)
(780, 780)
(780, 781)
(781, 781)
(781, 782)
(782, 782)
(782, 783)
(783, 784)
(783, 783)
(784, 784)
(784, 785)
(785, 785)
(785, 786)
(786, 786)
(786, 787)
(787, 787)
(787, 788)
(788, 788)
(788, 789)
(789, 789)
(789, 790)
(790, 790)
(790, 791)
(791, 792)
(791, 791)
(792, 792)
(792, 793)
(792, 1539)
(793, 1539)
(793, 1540)
(793, 1541)
(793, 1542)
(793, 793)
(793, 794)
(794, 1540)
(794, 1541)
(794, 1542)
(794, 1543)
(794, 1544)
(794, 794)
(794, 795)
(795, 1542)
(795, 1543)
(795, 1544)
(795, 1545)
(795, 1546)
(795, 795)
(795, 796)
(796, 1543)
(796, 1544)
(796, 1545)
(796, 1546)
(796, 1547)
(796, 796)
(796, 797)
(797, 1545)
(797, 1546)
(797, 1547)
(797, 1548)
(797, 797)
(797, 798)
(798, 1547)
(798, 1548)
(798, 1549)
(798, 798)
(798, 799)
(799, 800)
(799, 799)
(800, 800)
(800, 801)
(801, 801)
(801, 802)
(802, 802)
(802, 803)
(803, 803)
(803, 804)
(804, 804)
(804, 805)
(805, 805)
(805, 806)
(806, 806)
(806, 807)
(807, 808)
(807, 807)
(808, 808)
(808, 809)
(809, 809)
(809, 810)
(810, 810)
(810, 2579)
(810, 811)
(811, 811)
(811, 812)
(812, 2580)
(812, 812)
(812, 813)
(813, 2580)
(813, 813)
(813, 814)
(814, 2581)
(814, 814)
(814, 815)
(815, 2581)
(815, 815)
(816, 816)
(817, 817)
(818, 818)
(819, 819)
(820, 820)
(821, 821)
(822, 822)
(823, 823)
(824, 824)
(825, 825)
(826, 826)
(827, 827)
(828, 828)
(829, 829)
(830, 830)
(831, 831)
(832, 832)
(833, 833)
(834, 834)
(835, 835)
(836, 836)
(837, 837)
(838, 838)
(839, 839)
(840, 840)
(841, 841)
(842, 842)
(842, 2598)
(843, 843)
(844, 844)
(845, 845)
(846, 2601)
(846, 846)
(847, 847)
(848, 848)
(849, 849)
(850, 850)
(850, 2604)
(851, 851)
(851, 2605)
(852, 852)
(853, 853)
(854, 854)
(854, 2607)
(855, 2608)
(855, 855)
(856, 856)
(857, 857)
(858, 858)
(859, 859)
(860, 860)
(861, 861)
(862, 862)
(863, 863)
(864, 864)
(865, 865)
(866, 866)
(867, 867)
(868, 868)
(869, 869)
(870, 870)
(871, 871)
(872, 872)
(873, 873)
(874, 874)
(874, 875)
(875, 875)
(875, 876)
(876, 876)
(876, 877)
(877, 877)
(877, 878)
(878, 878)
(878, 879)
(879, 880)
(879, 879)
(880, 880)
(880, 881)
(881, 881)
(881, 882)
(882, 882)
(882, 883)
(883, 883)
(883, 884)
(884, 884)
(884, 885)
(885, 885)
(885, 886)
(886, 886)
(886, 887)
(887, 888)
(887, 887)
(888, 888)
(888, 889)
(888, 2628)
(889, 889)
(889, 890)
(889, 2628)
(890, 890)
(890, 891)
(890, 2629)
(891, 891)
(891, 892)
(891, 2629)
(892, 892)
(892, 893)
(893, 893)
(893, 894)
(894, 894)
(894, 895)
(895, 896)
(895, 895)
(896, 896)
(896, 897)
(897, 897)
(897, 898)
(898, 898)
(898, 899)
(899, 899)
(899, 900)
(900, 900)
(900, 901)
(901, 901)
(901, 902)
(902, 902)
(902, 903)
(903, 904)
(903, 903)
(904, 904)
(904, 905)
(905, 905)
(905, 906)
(906, 906)
(906, 907)
(907, 907)
(907, 908)
(908, 908)
(908, 909)
(909, 909)
(909, 910)
(910, 910)
(910, 911)
(911, 911)
(912, 912)
(913, 913)
(914, 914)
(915, 915)
(916, 916)
(917, 917)
(918, 918)
(919, 919)
(920, 920)
(921, 921)
(922, 922)
(923, 923)
(924, 924)
(925, 925)
(926, 926)
(927, 927)
(928, 928)
(929, 929)
(930, 930)
(931, 931)
(932, 932)
(933, 933)
(934, 934)
(935, 935)
(936, 936)
(937, 937)
(938, 938)
(939, 939)
(940, 940)
(941, 941)
(942, 942)
(943, 943)
(944, 944)
(945, 945)
(946, 946)
(947, 947)
(948, 948)
(949, 949)
(950, 950)
(951, 951)
(952, 952)
(953, 953)
(954, 954)
(955, 955)
(956, 956)
(957, 957)
(958, 958)
(959, 959)
(960, 960)
(961, 961)
(962, 962)
(963, 963)
(964, 964)
(965, 965)
(966, 966)
(967, 967)
(968, 968)
(969, 969)
(970, 970)
(971, 971)
(972, 972)
(973, 973)
(974, 974)
(975, 975)
(976, 976)
(977, 977)
(978, 978)
(979, 979)
(980, 980)
(981, 981)
(982, 982)
(983, 983)
(984, 984)
(985, 985)
(986, 986)
(987, 987)
(988, 988)
(989, 989)
(990, 990)
(991, 991)
(992, 992)
(993, 993)
(994, 994)
(995, 995)
(996, 996)
(997, 997)
(998, 998)
(999, 999)
(1000, 1000)
(1001, 1001)
(1002, 1002)
(1003, 1003)
(1004, 1004)
(1005, 1005)
(1006, 1006)
(1007, 1007)
(1008, 1008)
(1009, 1009)
(1010, 1010)
(1011, 1011)
(1012, 1012)
(1013, 1013)
(1014, 1014)
(1015, 1015)
(1016, 1016)
(1017, 1017)
(1018, 1018)
(1019, 1019)
(1020, 1020)
(1021, 1021)
(1022, 1022)
(1023, 1023)
(1024, 1024)
(1025, 1025)
(1026, 1026)
(1027, 1027)
(1028, 1028)
(1029, 1029)
(1030, 1030)
(1031, 1031)
(1032, 1032)
(1033, 1033)
(1034, 1034)
(1035, 1035)
(1036, 1036)
(1037, 1037)
(1038, 1038)
(1039, 1039)
(1040, 1040)
(1041, 1041)
(1042, 1042)
(1043, 1043)
(1044, 1044)
(1045, 1045)
(1046, 1046)
(1047, 1047)
(1048, 1048)
(1049, 1049)
(1050, 1050)
(1051, 1051)
(1052, 1052)
(1053, 1053)
(1054, 1054)
(1055, 1055)
(1056, 1056)
(1057, 1057)
(1058, 1058)
(1059, 1059)
(1060, 1060)
(1061, 1061)
(1062, 1062)
(1063, 1063)
(1064, 1064)
(1065, 1065)
(1066, 1066)
(1067, 1067)
(1068, 1068)
(1069, 1069)
(1070, 1070)
(1071, 1071)
(1072, 1072)
(1073, 1073)
(1074, 1074)
(1075, 1075)
(1076, 1076)
(1077, 1077)
(1078, 1078)
(1079, 1079)
(1080, 1080)
(1081, 1081)
(1082, 1082)
(1083, 1083)
(1084, 1084)
(1085, 1085)
(1086, 1086)
(1087, 1087)
(1088, 1088)
(1089, 1089)
(1090, 1090)
(1091, 1091)
(1092, 1092)
(1093, 1093)
(1094, 1094)
(1095, 1095)
(1096, 1096)
(1097, 1097)
(1098, 1098)
(1099, 1099)
(1100, 1100)
(1101, 1101)
(1102, 1102)
(1103, 1103)
(1104, 1104)
(1105, 1105)
(1106, 1106)
(1107, 1107)
(1108, 1108)
(1109, 1109)
(1110, 1110)
(1111, 1111)
(1112, 1112)
(1113, 1113)
(1114, 1114)
(1115, 1115)
(1116, 1116)
(1117, 1117)
(1118, 1118)
(1119, 1119)
(1120, 1120)
(1121, 1121)
(1122, 1122)
(1123, 1123)
(1124, 1124)
(1125, 1125)
(1126, 1126)
(1127, 1127)
(1128, 1128)
(1129, 1129)
(1130, 1130)
(1131, 1131)
(1132, 1132)
(1133, 1133)
(1134, 1134)
(1135, 1135)
(1136, 1136)
(1137, 1137)
(1138, 1138)
(1139, 1139)
(1140, 1140)
(1141, 1141)
(1142, 1142)
(1143, 1143)
(1144, 1144)
(1145, 1145)
(1146, 1146)
(1147, 1147)
(1148, 1148)
(1149, 1149)
(1150, 1150)
(1151, 1151)
(1152, 1152)
(1153, 1153)
(1154, 1154)
(1155, 1155)
(1156, 1156)
(1157, 1157)
(1158, 1158)
(1159, 1159)
(1160, 1160)
(1161, 1161)
(1162, 1162)
(1163, 1163)
(1164, 1164)
(1165, 1165)
(1166, 1166)
(1166, 1167)
(1167, 1168)
(1167, 1167)
(1168, 1168)
(1168, 1169)
(1169, 1169)
(1169, 1170)
(1170, 1170)
(1170, 1171)
(1171, 1171)
(1171, 1172)
(1172, 1172)
(1172, 1173)
(1173, 1173)
(1173, 1174)
(1174, 1174)
(1174, 1175)
(1175, 1176)
(1175, 1175)
(1176, 1176)
(1176, 1177)
(1177, 1177)
(1177, 1178)
(1178, 1178)
(1178, 1179)
(1179, 1179)
(1179, 1180)
(1180, 1180)
(1180, 1181)
(1181, 1181)
(1181, 1182)
(1182, 1182)
(1182, 1183)
(1183, 1184)
(1183, 1183)
(1184, 1184)
(1184, 1185)
(1185, 1185)
(1185, 1186)
(1186, 1186)
(1186, 1187)
(1187, 1187)
(1187, 1188)
(1188, 1188)
(1188, 1189)
(1189, 1189)
(1189, 1190)
(1190, 1190)
(1190, 1191)
(1191, 1192)
(1191, 1191)
(1192, 1192)
(1192, 1193)
(1193, 1193)
(1193, 1194)
(1194, 1194)
(1194, 1195)
(1195, 1195)
(1195, 1196)
(1196, 1196)
(1196, 1197)
(1197, 1197)
(1197, 1198)
(1198, 1198)
(1198, 1199)
(1199, 1200)
(1199, 1199)
(1200, 1200)
(1200, 1201)
(1201, 1201)
(1201, 1202)
(1202, 1202)
(1202, 1203)
(1203, 1203)
(1203, 1204)
(1204, 1204)
(1204, 1205)
(1205, 1205)
(1205, 1206)
(1206, 1206)
(1206, 1207)
(1207, 1208)
(1207, 1207)
(1208, 1208)
(1208, 1209)
(1209, 1209)
(1209, 1210)
(1210, 1210)
(1210, 1211)
(1211, 1211)
(1212, 1212)
(1213, 1213)
(1214, 1214)
(1215, 1215)
(1216, 1216)
(1217, 1217)
(1218, 1218)
(1219, 1219)
(1220, 1220)
(1221, 1221)
(1222, 1222)
(1223, 1223)
(1224, 1224)
(1225, 1225)
(1226, 1226)
(1227, 1227)
(1228, 1228)
(1229, 1229)
(1230, 1230)
(1231, 1231)
(1232, 1232)
(1233, 1233)
(1234, 1234)
(1235, 1235)
(1236, 1236)
(1237, 1237)
(1238, 1238)
(1239, 1239)
(1240, 1240)
(1241, 1241)
(1242, 1242)
(1243, 1243)
(1244, 1244)
(1245, 1245)
(1246, 1246)
(1247, 1247)
(1248, 1248)
(1249, 1249)
(1250, 1250)
(1251, 1251)
(1252, 1252)
(1253, 1253)
(1254, 1254)
(1255, 1255)
(1256, 1256)
(1257, 1257)
(1258, 1258)
(1259, 1259)
(1260, 1260)
(1261, 1261)
(1262, 1262)
(1263, 1263)
(1264, 1264)
(1265, 1265)
(1266, 1266)
(1267, 1267)
(1268, 1268)
(1269, 1269)
(1270, 1270)
(1271, 1271)
(1272, 1272)
(1273, 1273)
(1274, 1274)
(1275, 1275)
(1276, 1276)
(1277, 1277)
(1278, 1278)
(1279, 1279)
(1280, 1280)
(1281, 1281)
(1282, 1282)
(1283, 1283)
(1284, 1284)
(1285, 1285)
(1286, 1286)
(1287, 1287)
(1288, 1288)
(1288, 1289)
(1289, 1289)
(1290, 1290)
(1290, 1291)
(1291, 1291)
(1292, 1292)
(1292, 1293)
(1293, 1293)
(1293, 1294)
(1294, 1294)
(1294, 1295)
(1295, 1296)
(1295, 1295)
(1296, 1296)
(1296, 1297)
(1297, 1297)
(1297, 1298)
(1298, 1298)
(1298, 1299)
(1299, 1299)
(1299, 1300)
(1300, 1300)
(1300, 1301)
(1301, 1301)
(1301, 1302)
(1302, 1302)
(1302, 1303)
(1303, 1303)
(1303, 1304)
(1304, 1304)
(1304, 1305)
(1305, 1305)
(1305, 1306)
(1306, 1306)
(1306, 1307)
(1307, 1307)
(1308, 1308)
(1309, 1309)
(1310, 1310)
(1311, 1311)
(1312, 1312)
(1313, 1313)
(1314, 1314)
(1315, 1315)
(1316, 1316)
(1317, 1317)
(1318, 1318)
(1319, 1319)
(1320, 1320)
(1321, 1321)
(1322, 1322)
(1323, 1323)
(1324, 1324)
(1325, 1325)
(1326, 1326)
(1327, 1327)
(1328, 1328)
(1329, 1329)
(1330, 1330)
(1331, 1331)
(1332, 1332)
(1333, 1333)
(1334, 1334)
(1335, 1335)
(1336, 1336)
(1337, 1337)
(1338, 1338)
(1339, 1339)
(1340, 1340)
(1341, 1341)
(1342, 1342)
(1343, 1343)
(1344, 1344)
(1345, 1345)
(1346, 1346)
(1347, 1347)
(1348, 1348)
(1349, 1349)
(1350, 1350)
(1351, 1351)
(1352, 1352)
(1353, 1353)
(1354, 1354)
(1355, 1355)
(1356, 1356)
(1357, 1357)
(1358, 1358)
(1359, 1359)
(1360, 1360)
(1361, 1361)
(1362, 1362)
(1363, 1363)
(1364, 1364)
(1365, 1365)
(1366, 1366)
(1367, 1367)
(1368, 1368)
(1369, 1369)
(1370, 1370)
(1371, 1371)
(1372, 1372)
(1373, 1373)
(1374, 1374)
(1375, 1375)
(1376, 1376)
(1377, 1377)
(1378, 1378)
(1379, 1379)
(1380, 1380)
(1381, 1381)
(1382, 1382)
(1383, 1383)
(1384, 1384)
(1385, 1385)
(1386, 1386)
(1387, 1387)
(1388, 1388)
(1389, 1389)
(1390, 1390)
(1391, 1391)
(1392, 1392)
(1393, 1393)
(1394, 1394)
(1395, 1395)
(1396, 1396)
(1397, 1397)
(1398, 1398)
(1399, 1399)
(1400, 1400)
(1401, 1401)
(1402, 1402)
(1403, 1403)
(1404, 1404)
(1405, 1405)
(1406, 1406)
(1407, 1407)
(1408, 1408)
(1409, 1409)
(1410, 1410)
(1411, 1411)
(1412, 1412)
(1413, 1413)
(1414, 1414)
(1415, 1415)
(1416, 1416)
(1417, 1417)
(1418, 1418)
(1419, 1419)
(1420, 1420)
(1421, 1421)
(1422, 1422)
(1423, 1423)
(1424, 1424)
(1425, 1425)
(1426, 1426)
(1427, 1427)
(1428, 1428)
(1429, 1429)
(1430, 1430)
(1431, 1431)
(1432, 1432)
(1433, 1433)
(1434, 1434)
(1435, 1435)
(1436, 1436)
(1437, 1437)
(1438, 1438)
(1439, 1439)
(1440, 1440)
(1441, 1441)
(1442, 1442)
(1443, 1443)
(1444, 1444)
(1445, 1445)
(1446, 1446)
(1447, 1447)
(1448, 1448)
(1449, 1449)
(1450, 1450)
(1451, 1451)
(1452, 1452)
(1453, 1453)
(1454, 1454)
(1455, 1455)
(1456, 1456)
(1457, 1457)
(1458, 1458)
(1459, 1459)
(1460, 1460)
(1461, 1461)
(1462, 1462)
(1463, 1463)
(1464, 1464)
(1465, 1465)
(1466, 1466)
(1467, 1467)
(1468, 1468)
(1469, 1469)
(1470, 1470)
(1471, 1471)
(1472, 1472)
(1473, 1473)
(1474, 1474)
(1475, 1475)
(1476, 1476)
(1477, 1477)
(1478, 1478)
(1479, 1479)
(1480, 1480)
(1481, 1481)
(1482, 1482)
(1483, 1483)
(1484, 1484)
(1485, 1485)
(1486, 1486)
(1487, 1487)
(1488, 1488)
(1489, 1489)
(1490, 1490)
(1491, 1491)
(1492, 1492)
(1493, 1493)
(1494, 1494)
(1495, 1495)
(1496, 1496)
(1497, 1497)
(1498, 1498)
(1499, 1499)
(1500, 1500)
(1501, 1501)
(1502, 1502)
(1503, 1503)
(1504, 1504)
(1505, 1505)
(1506, 1506)
(1507, 1507)
(1508, 1508)
(1509, 1509)
(1510, 1510)
(1511, 1511)
(1512, 1512)
(1513, 1513)
(1514, 1514)
(1515, 1515)
(1516, 1516)
(1517, 1517)
(1518, 1518)
(1519, 1519)
(1520, 1520)
(1520, 1521)
(1521, 1521)
(1521, 1522)
(1522, 1522)
(1522, 1523)
(1523, 1523)
(1523, 1524)
(1524, 1524)
(1524, 1525)
(1525, 1525)
(1525, 1526)
(1526, 1526)
(1526, 1527)
(1527, 1528)
(1527, 1527)
(1528, 1528)
(1528, 1529)
(1529, 1529)
(1529, 1530)
(1530, 1530)
(1530, 1531)
(1530, 1532)
(1531, 1531)
(1531, 1532)
(1531, 1533)
(1532, 1532)
(1532, 1533)
(1532, 1534)
(1533, 1533)
(1533, 1534)
(1533, 1535)
(1534, 1536)
(1534, 1534)
(1534, 1535)
(1535, 1536)
(1535, 1537)
(1535, 1535)
(1536, 1536)
(1536, 1537)
(1536, 1538)
(1537, 1537)
(1537, 1538)
(1537, 1539)
(1538, 1538)
(1538, 1539)
(1538, 1540)
(1539, 1539)
(1539, 1540)
(1539, 1541)
(1540, 1540)
(1540, 1541)
(1540, 1542)
(1541, 1541)
(1541, 1542)
(1541, 1543)
(1542, 1542)
(1542, 1543)
(1542, 1544)
(1543, 1543)
(1543, 1544)
(1543, 1545)
(1544, 1544)
(1544, 1545)
(1544, 1546)
(1545, 1545)
(1545, 1546)
(1545, 1547)
(1546, 1546)
(1546, 1547)
(1546, 1548)
(1547, 1547)
(1547, 1548)
(1547, 1549)
(1548, 1548)
(1548, 1549)
(1548, 1550)
(1549, 1549)
(1549, 1550)
(1550, 1550)
(1550, 1551)
(1551, 1552)
(1551, 1551)
(1552, 1552)
(1552, 1553)
(1553, 1553)
(1553, 1554)
(1554, 1554)
(1554, 1555)
(1555, 1555)
(1555, 1556)
(1556, 1556)
(1556, 1557)
(1557, 2576)
(1557, 1557)
(1557, 1558)
(1558, 2576)
(1558, 1558)
(1558, 1559)
(1559, 1560)
(1559, 1559)
(1560, 1560)
(1560, 1561)
(1561, 1561)
(1562, 1562)
(1563, 1563)
(1564, 1564)
(1565, 1565)
(1566, 1566)
(1567, 1567)
(1568, 1568)
(1569, 1569)
(1570, 1570)
(1571, 1571)
(1572, 1572)
(1573, 1573)
(1574, 1574)
(1575, 1575)
(1576, 1576)
(1577, 1577)
(1578, 1578)
(1579, 1579)
(1580, 1580)
(1581, 1581)
(1582, 1582)
(1583, 1583)
(1584, 1584)
(1585, 1585)
(1586, 1586)
(1587, 1587)
(1588, 1588)
(1589, 1589)
(1590, 1590)
(1591, 1591)
(1592, 1592)
(1593, 1593)
(1594, 1594)
(1595, 1595)
(1596, 1596)
(1597, 1597)
(1598, 1598)
(1599, 1599)
(1600, 1600)
(1601, 1601)
(1602, 1602)
(1603, 1603)
(1604, 1604)
(1605, 1605)
(1606, 1606)
(1607, 1607)
(1608, 1608)
(1609, 1609)
(1610, 1610)
(1611, 1611)
(1612, 1612)
(1613, 1613)
(1614, 1614)
(1615, 1615)
(1616, 1616)
(1617, 1617)
(1618, 1618)
(1619, 1619)
(1620, 1620)
(1621, 1621)
(1622, 1622)
(1623, 1623)
(1624, 1624)
(1625, 1625)
(1626, 1626)
(1627, 1627)
(1628, 1628)
(1629, 1629)
(1630, 1630)
(1631, 1631)
(1632, 1632)
(1633, 1633)
(1634, 1634)
(1635, 1635)
(1636, 1636)
(1637, 1637)
(1638, 1638)
(1639, 1639)
(1640, 1640)
(1641, 1641)
(1642, 1642)
(1643, 1643)
(1644, 1644)
(1645, 1645)
(1646, 1646)
(1647, 1647)
(1648, 1648)
(1649, 1649)
(1650, 1650)
(1651, 1651)
(1652, 1652)
(1653, 1653)
(1654, 1654)
(1655, 1655)
(1656, 1656)
(1657, 1657)
(1658, 1658)
(1659, 1659)
(1660, 1660)
(1661, 1661)
(1662, 1662)
(1663, 1663)
(1664, 1664)
(1665, 1665)
(1666, 1666)
(1667, 1667)
(1668, 1668)
(1669, 1669)
(1670, 1670)
(1671, 1671)
(1672, 1672)
(1673, 1673)
(1674, 1674)
(1675, 1675)
(1676, 1676)
(1677, 1677)
(1678, 1678)
(1679, 1679)
(1680, 1680)
(1681, 1681)
(1682, 1682)
(1683, 1683)
(1684, 1684)
(1685, 1685)
(1686, 1686)
(1687, 1687)
(1688, 1688)
(1689, 1689)
(1690, 1690)
(1691, 1691)
(1692, 1692)
(1693, 1693)
(1694, 1694)
(1695, 1695)
(1696, 1696)
(1697, 1697)
(1698, 1698)
(1699, 1699)
(1700, 1700)
(1701, 1701)
(1702, 1702)
(1703, 1703)
(1704, 1704)
(1705, 1705)
(1706, 1706)
(1707, 1707)
(1708, 1708)
(1709, 1709)
(1710, 1710)
(1711, 1711)
(1712, 1712)
(1713, 1713)
(1714, 1714)
(1715, 1715)
(1716, 1716)
(1717, 1717)
(1718, 1718)
(1719, 1719)
(1720, 1720)
(1721, 1721)
(1722, 1722)
(1723, 1723)
(1724, 1724)
(1725, 1725)
(1726, 1726)
(1727, 1727)
(1728, 1728)
(1729, 1729)
(1730, 1730)
(1731, 1731)
(1732, 1732)
(1733, 1733)
(1734, 1734)
(1735, 1735)
(1736, 1736)
(1737, 1737)
(1738, 1738)
(1739, 1739)
(1740, 1740)
(1741, 1741)
(1742, 1742)
(1743, 1743)
(1744, 1744)
(1745, 1745)
(1746, 1746)
(1747, 1747)
(1748, 1748)
(1749, 1749)
(1750, 1750)
(1751, 1751)
(1752, 1752)
(1753, 1753)
(1754, 1754)
(1755, 1755)
(1756, 1756)
(1757, 1757)
(1758, 1758)
(1759, 1759)
(1760, 1760)
(1761, 1761)
(1762, 1762)
(1763, 1763)
(1764, 1764)
(1765, 1765)
(1766, 1766)
(1767, 1767)
(1768, 1768)
(1769, 1769)
(1770, 1770)
(1771, 1771)
(1772, 1772)
(1773, 1773)
(1774, 1774)
(1775, 1775)
(1776, 1776)
(1777, 1777)
(1778, 1778)
(1779, 1779)
(1780, 1780)
(1781, 1781)
(1782, 1782)
(1783, 1783)
(1784, 1784)
(1785, 1785)
(1786, 1786)
(1787, 1787)
(1788, 1788)
(1789, 1789)
(1790, 1790)
(1791, 1791)
(1792, 1792)
(1793, 1793)
(1794, 1794)
(1794, 1795)
(1795, 1795)
(1795, 1796)
(1796, 1796)
(1796, 1797)
(1797, 1797)
(1797, 1798)
(1798, 1798)
(1798, 1799)
(1799, 1800)
(1799, 1799)
(1800, 1800)
(1800, 1801)
(1801, 1801)
(1801, 1802)
(1802, 1802)
(1802, 1803)
(1803, 1803)
(1803, 1804)
(1804, 1804)
(1804, 1805)
(1805, 1805)
(1805, 1806)
(1806, 1806)
(1806, 1807)
(1807, 1808)
(1807, 1807)
(1808, 1808)
(1808, 1809)
(1809, 1809)
(1809, 1810)
(1810, 1810)
(1810, 1811)
(1811, 1811)
(1811, 1812)
(1812, 1812)
(1812, 1813)
(1813, 1813)
(1813, 1814)
(1814, 1814)
(1814, 1815)
(1815, 1816)
(1815, 1815)
(1816, 1816)
(1816, 1817)
(1817, 1817)
(1817, 1818)
(1818, 1818)
(1818, 1819)
(1819, 1819)
(1819, 1820)
(1820, 1820)
(1820, 1821)
(1821, 1821)
(1821, 1822)
(1822, 1822)
(1822, 1823)
(1823, 1824)
(1823, 1823)
(1824, 1824)
(1824, 1825)
(1825, 1825)
(1825, 1826)
(1826, 1826)
(1826, 1827)
(1827, 1827)
(1827, 1828)
(1828, 1828)
(1828, 1829)
(1829, 1829)
(1829, 1830)
(1830, 1830)
(1830, 1831)
(1831, 1832)
(1831, 1831)
(1832, 1832)
(1832, 1833)
(1833, 1833)
(1833, 1834)
(1834, 1834)
(1834, 1835)
(1835, 1835)
(1835, 1836)
(1836, 1836)
(1836, 1837)
(1837, 1837)
(1837, 1838)
(1838, 1838)
(1838, 1839)
(1839, 1840)
(1839, 1839)
(1840, 1840)
(1840, 1841)
(1841, 1841)
(1841, 1842)
(1842, 1842)
(1842, 1843)
(1843, 1843)
(1843, 1844)
(1844, 1844)
(1844, 1845)
(1845, 1845)
(1845, 1846)
(1846, 1846)
(1846, 1847)
(1847, 1848)
(1847, 1847)
(1848, 1848)
(1848, 1849)
(1849, 1849)
(1849, 1850)
(1850, 1850)
(1850, 1851)
(1851, 1851)
(1852, 1852)
(1853, 1853)
(1854, 1854)
(1855, 1855)
(1856, 1856)
(1857, 1857)
(1858, 1858)
(1859, 1859)
(1860, 1860)
(1861, 1861)
(1862, 1862)
(1863, 1863)
(1864, 1864)
(1865, 1865)
(1866, 1866)
(1867, 1867)
(1868, 1868)
(1869, 1869)
(1870, 1870)
(1871, 1871)
(1872, 1872)
(1873, 1873)
(1874, 1874)
(1875, 1875)
(1876, 1876)
(1877, 1877)
(1878, 1878)
(1879, 1879)
(1880, 1880)
(1881, 1881)
(1882, 1882)
(1883, 1883)
(1884, 1884)
(1885, 1885)
(1886, 1886)
(1887, 1887)
(1888, 1888)
(1889, 1889)
(1890, 1890)
(1891, 1891)
(1892, 1892)
(1893, 1893)
(1894, 1894)
(1895, 1895)
(1896, 1896)
(1897, 1897)
(1898, 1898)
(1899, 1899)
(1900, 1900)
(1901, 1901)
(1902, 1902)
(1903, 1903)
(1904, 1904)
(1905, 1905)
(1906, 1906)
(1907, 1907)
(1908, 1908)
(1909, 1909)
(1910, 1910)
(1911, 1911)
(1912, 1912)
(1913, 1913)
(1914, 1914)
(1915, 1915)
(1916, 1916)
(1917, 1917)
(1918, 1918)
(1919, 1919)
(1920, 1920)
(1921, 1921)
(1922, 1922)
(1923, 1923)
(1924, 1924)
(1925, 1925)
(1926, 1926)
(1927, 1927)
(1928, 1928)
(1929, 1929)
(1930, 1930)
(1931, 1931)
(1932, 1932)
(1933, 1933)
(1934, 1934)
(1935, 1935)
(1936, 1936)
(1937, 1937)
(1938, 1938)
(1939, 1939)
(1940, 1940)
(1941, 1941)
(1942, 1942)
(1943, 1943)
(1944, 1944)
(1945, 1945)
(1946, 1946)
(1947, 1947)
(1948, 1948)
(1949, 1949)
(1950, 1950)
(1951, 1951)
(1952, 1952)
(1953, 1953)
(1954, 1954)
(1955, 1955)
(1956, 1956)
(1957, 1957)
(1958, 1958)
(1959, 1959)
(1960, 1960)
(1961, 1961)
(1962, 1962)
(1963, 1963)
(1964, 1964)
(1965, 1965)
(1966, 1966)
(1967, 1967)
(1968, 1968)
(1969, 1969)
(1970, 1970)
(1971, 1971)
(1972, 1972)
(1973, 1973)
(1974, 1974)
(1975, 1975)
(1976, 1976)
(1977, 1977)
(1978, 1978)
(1979, 1979)
(1980, 1980)
(1981, 1981)
(1982, 1982)
(1983, 1983)
(1984, 1984)
(1985, 1985)
(1986, 1986)
(1987, 1987)
(1988, 1988)
(1989, 1989)
(1990, 1990)
(1991, 1991)
(1992, 1992)
(1993, 1993)
(1994, 1994)
(1995, 1995)
(1996, 1996)
(1997, 1997)
(1998, 1998)
(1999, 1999)
(2000, 2000)
(2001, 2001)
(2002, 2002)
(2003, 2003)
(2004, 2004)
(2005, 2005)
(2006, 2006)
(2007, 2007)
(2008, 2008)
(2009, 2009)
(2010, 2010)
(2011, 2011)
(2012, 2012)
(2013, 2013)
(2014, 2014)
(2015, 2015)
(2016, 2016)
(2017, 2017)
(2018, 2018)
(2019, 2019)
(2020, 2020)
(2021, 2021)
(2022, 2022)
(2023, 2023)
(2024, 2024)
(2025, 2025)
(2026, 2026)
(2027, 2027)
(2028, 2028)
(2029, 2029)
(2030, 2030)
(2031, 2031)
(2032, 2032)
(2033, 2033)
(2034, 2034)
(2035, 2035)
(2036, 2036)
(2037, 2037)
(2038, 2038)
(2039, 2039)
(2040, 2040)
(2041, 2041)
(2042, 2042)
(2043, 2043)
(2044, 2044)
(2045, 2045)
(2046, 2046)
(2047, 2047)
(2048, 2048)
(2049, 2049)
(2050, 2050)
(2051, 2051)
(2052, 2052)
(2053, 2053)
(2054, 2054)
(2055, 2055)
(2056, 2056)
(2057, 2057)
(2058, 2058)
(2059, 2059)
(2060, 2060)
(2061, 2061)
(2062, 2062)
(2063, 2063)
(2064, 2064)
(2065, 2065)
(2066, 2066)
(2067, 2067)
(2068, 2068)
(2069, 2069)
(2070, 2070)
(2071, 2071)
(2072, 2072)
(2073, 2073)
(2073, 2074)
(2074, 2074)
(2074, 2075)
(2075, 2075)
(2075, 2076)
(2076, 2076)
(2076, 2077)
(2077, 2077)
(2077, 2078)
(2078, 2078)
(2078, 2079)
(2079, 2080)
(2079, 2079)
(2080, 2080)
(2080, 2081)
(2081, 2081)
(2081, 2082)
(2082, 2082)
(2082, 2083)
(2083, 2083)
(2083, 2084)
(2084, 2084)
(2084, 2085)
(2085, 2085)
(2085, 2086)
(2086, 2086)
(2086, 2087)
(2087, 2088)
(2087, 2087)
(2088, 2088)
(2088, 2089)
(2089, 2089)
(2089, 2090)
(2090, 2090)
(2090, 2091)
(2091, 2091)
(2091, 2092)
(2092, 2092)
(2092, 2093)
(2093, 2093)
(2093, 2094)
(2094, 2094)
(2094, 2095)
(2095, 2096)
(2095, 2095)
(2096, 2096)
(2096, 2097)
(2097, 2097)
(2097, 2098)
(2098, 2098)
(2098, 2099)
(2099, 2099)
(2099, 2100)
(2100, 2100)
(2100, 2101)
(2101, 2101)
(2101, 2102)
(2102, 2102)
(2102, 2103)
(2103, 2104)
(2103, 2103)
(2104, 2104)
(2104, 2105)
(2105, 2105)
(2105, 2106)
(2106, 2106)
(2106, 2107)
(2107, 2107)
(2107, 2108)
(2108, 2108)
(2109, 2109)
(2110, 2110)
(2111, 2111)
(2112, 2112)
(2113, 2113)
(2114, 2114)
(2115, 2115)
(2116, 2116)
(2117, 2117)
(2118, 2118)
(2119, 2119)
(2120, 2120)
(2121, 2121)
(2122, 2122)
(2123, 2123)
(2124, 2124)
(2125, 2125)
(2126, 2126)
(2127, 2127)
(2128, 2128)
(2129, 2129)
(2130, 2130)
(2131, 2131)
(2132, 2132)
(2133, 2133)
(2134, 2134)
(2135, 2135)
(2136, 2136)
(2137, 2137)
(2138, 2138)
(2139, 2139)
(2140, 2140)
(2141, 2141)
(2142, 2142)
(2143, 2143)
(2144, 2144)
(2145, 2145)
(2146, 2146)
(2147, 2147)
(2148, 2148)
(2149, 2149)
(2150, 2150)
(2151, 2151)
(2152, 2152)
(2153, 2153)
(2154, 2154)
(2155, 2155)
(2156, 2156)
(2157, 2157)
(2158, 2158)
(2159, 2159)
(2160, 2160)
(2161, 2161)
(2162, 2162)
(2163, 2163)
(2164, 2164)
(2165, 2165)
(2166, 2166)
(2167, 2167)
(2168, 2168)
(2169, 2169)
(2170, 2170)
(2171, 2171)
(2172, 2172)
(2173, 2173)
(2174, 2174)
(2175, 2175)
(2176, 2176)
(2177, 2177)
(2178, 2178)
(2179, 2179)
(2180, 2180)
(2181, 2181)
(2182, 2182)
(2183, 2183)
(2184, 2184)
(2185, 2185)
(2186, 2186)
(2187, 2187)
(2188, 2188)
(2189, 2189)
(2190, 2190)
(2191, 2191)
(2192, 2192)
(2193, 2193)
(2194, 2194)
(2195, 2195)
(2196, 2196)
(2197, 2197)
(2198, 2198)
(2199, 2199)
(2200, 2200)
(2201, 2201)
(2202, 2202)
(2203, 2203)
(2204, 2204)
(2205, 2205)
(2206, 2206)
(2207, 2207)
(2208, 2208)
(2209, 2209)
(2210, 2210)
(2211, 2211)
(2212, 2212)
(2213, 2213)
(2214, 2214)
(2215, 2215)
(2216, 2216)
(2217, 2217)
(2218, 2218)
(2219, 2219)
(2220, 2220)
(2221, 2221)
(2222, 2222)
(2223, 2223)
(2224, 2224)
(2225, 2225)
(2226, 2226)
(2227, 2227)
(2228, 2228)
(2229, 2229)
(2230, 2230)
(2231, 2231)
(2232, 2232)
(2233, 2233)
(2234, 2234)
(2235, 2235)
(2236, 2236)
(2237, 2237)
(2238, 2238)
(2239, 2239)
(2240, 2240)
(2241, 2241)
(2242, 2242)
(2243, 2243)
(2244, 2244)
(2245, 2245)
(2246, 2246)
(2247, 2247)
(2248, 2248)
(2249, 2249)
(2250, 2250)
(2251, 2251)
(2252, 2252)
(2253, 2253)
(2254, 2254)
(2255, 2255)
(2256, 2256)
(2257, 2257)
(2258, 2258)
(2259, 2259)
(2260, 2260)
(2261, 2261)
(2262, 2262)
(2263, 2263)
(2264, 2264)
(2265, 2265)
(2266, 2266)
(2267, 2267)
(2268, 2268)
(2269, 2269)
(2270, 2270)
(2271, 2271)
(2272, 2272)
(2273, 2273)
(2274, 2274)
(2275, 2275)
(2276, 2276)
(2277, 2277)
(2278, 2278)
(2279, 2279)
(2280, 2280)
(2281, 2281)
(2282, 2282)
(2283, 2283)
(2284, 2284)
(2285, 2285)
(2286, 2286)
(2287, 2287)
(2288, 2288)
(2289, 2289)
(2290, 2290)
(2291, 2291)
(2292, 2292)
(2293, 2293)
(2294, 2294)
(2295, 2295)
(2296, 2296)
(2297, 2297)
(2298, 2298)
(2299, 2299)
(2300, 2300)
(2301, 2301)
(2301, 2302)
(2302, 2302)
(2302, 2303)
(2303, 2304)
(2303, 2303)
(2304, 2304)
(2304, 2305)
(2305, 2305)
(2305, 2306)
(2306, 2306)
(2306, 2307)
(2307, 2307)
(2307, 2308)
(2308, 2308)
(2308, 2309)
(2309, 2309)
(2309, 2310)
(2310, 2310)
(2310, 2311)
(2311, 2312)
(2311, 2311)
(2312, 2312)
(2312, 2313)
(2313, 2313)
(2313, 2314)
(2314, 2314)
(2314, 2315)
(2315, 2315)
(2315, 2316)
(2316, 2316)
(2316, 2317)
(2317, 2317)
(2317, 2318)
(2317, 2319)
(2318, 2320)
(2318, 2318)
(2318, 2319)
(2319, 2320)
(2319, 2321)
(2319, 2319)
(2320, 2320)
(2320, 2321)
(2320, 2322)
(2321, 2321)
(2321, 2322)
(2321, 2323)
(2321, 2324)
(2322, 2322)
(2322, 2323)
(2322, 2324)
(2322, 2325)
(2322, 2326)
(2322, 2327)
(2322, 2328)
(2322, 2329)
(2322, 2330)
(2322, 2331)
(2322, 2332)
(2322, 2333)
(2322, 2334)
(2322, 2335)
(2322, 2336)
(2322, 2337)
(2322, 2338)
(2322, 2339)
(2322, 2340)
(2322, 2341)
(2322, 2342)
(2322, 2343)
(2322, 2344)
(2322, 2345)
(2322, 2346)
(2322, 2347)
(2322, 2348)
(2322, 2349)
(2322, 2350)
(2322, 2351)
(2322, 2352)
(2322, 2353)
(2322, 2354)
(2322, 2355)
(2322, 2356)
(2322, 2357)
(2322, 2358)
(2322, 2359)
(2322, 2360)
(2322, 2361)
(2322, 2362)
(2322, 2363)
(2322, 2364)
(2322, 2365)
(2322, 2366)
(2322, 2367)
(2322, 2368)
(2322, 2369)
(2322, 2370)
(2322, 2371)
(2322, 2372)
(2322, 2373)
(2322, 2374)
(2322, 2375)
(2322, 2376)
(2322, 2377)
(2322, 2378)
(2322, 2379)
(2322, 2380)
(2322, 2381)
(2322, 2382)
(2322, 2383)
(2322, 2384)
(2322, 2385)
(2322, 2386)
(2322, 2387)
(2322, 2388)
(2322, 2389)
(2322, 2390)
(2322, 2391)
(2322, 2392)
(2322, 2393)
(2322, 2394)
(2322, 2395)
(2322, 2396)
(2323, 2323)
(2323, 2324)
(2323, 2325)
(2323, 2326)
(2323, 2327)
(2323, 2328)
(2323, 2329)
(2323, 2330)
(2323, 2331)
(2323, 2332)
(2323, 2333)
(2323, 2334)
(2323, 2335)
(2323, 2336)
(2323, 2337)
(2323, 2338)
(2323, 2339)
(2323, 2340)
(2323, 2341)
(2323, 2342)
(2323, 2343)
(2323, 2344)
(2323, 2345)
(2323, 2346)
(2323, 2347)
(2323, 2348)
(2323, 2349)
(2323, 2350)
(2323, 2351)
(2323, 2352)
(2323, 2353)
(2323, 2354)
(2323, 2355)
(2323, 2356)
(2323, 2357)
(2323, 2358)
(2323, 2359)
(2323, 2360)
(2323, 2361)
(2323, 2362)
(2323, 2363)
(2323, 2364)
(2323, 2365)
(2323, 2366)
(2323, 2367)
(2323, 2368)
(2323, 2369)
(2323, 2370)
(2323, 2371)
(2323, 2372)
(2323, 2373)
(2323, 2374)
(2323, 2375)
(2323, 2376)
(2323, 2377)
(2323, 2378)
(2323, 2379)
(2323, 2380)
(2323, 2381)
(2323, 2382)
(2323, 2383)
(2323, 2384)
(2323, 2385)
(2323, 2386)
(2323, 2387)
(2323, 2388)
(2323, 2389)
(2323, 2390)
(2323, 2391)
(2323, 2392)
(2323, 2393)
(2323, 2394)
(2323, 2395)
(2323, 2396)
(2323, 2397)
(2323, 2398)
(2323, 2399)
(2324, 2324)
(2324, 2325)
(2324, 2326)
(2324, 2327)
(2324, 2328)
(2324, 2329)
(2324, 2330)
(2324, 2331)
(2324, 2332)
(2324, 2333)
(2324, 2334)
(2324, 2335)
(2324, 2336)
(2324, 2337)
(2324, 2338)
(2324, 2339)
(2324, 2340)
(2324, 2341)
(2324, 2342)
(2324, 2343)
(2324, 2344)
(2324, 2345)
(2324, 2346)
(2324, 2347)
(2324, 2348)
(2324, 2349)
(2324, 2350)
(2324, 2351)
(2324, 2352)
(2324, 2353)
(2324, 2354)
(2324, 2355)
(2324, 2356)
(2324, 2357)
(2324, 2358)
(2324, 2359)
(2324, 2360)
(2324, 2361)
(2324, 2362)
(2324, 2363)
(2324, 2364)
(2324, 2365)
(2324, 2366)
(2324, 2367)
(2324, 2368)
(2324, 2369)
(2324, 2370)
(2324, 2371)
(2324, 2372)
(2324, 2373)
(2324, 2374)
(2324, 2375)
(2324, 2376)
(2324, 2377)
(2324, 2378)
(2324, 2379)
(2324, 2380)
(2324, 2381)
(2324, 2382)
(2324, 2383)
(2324, 2384)
(2324, 2385)
(2324, 2386)
(2324, 2387)
(2324, 2388)
(2324, 2389)
(2324, 2390)
(2324, 2391)
(2324, 2392)
(2324, 2393)
(2324, 2394)
(2324, 2395)
(2324, 2396)
(2324, 2397)
(2324, 2398)
(2324, 2399)
(2324, 2400)
(2324, 2401)
(2325, 2325)
(2325, 2326)
(2325, 2327)
(2325, 2328)
(2325, 2329)
(2325, 2330)
(2325, 2331)
(2325, 2332)
(2325, 2333)
(2325, 2334)
(2325, 2335)
(2325, 2336)
(2325, 2337)
(2325, 2338)
(2325, 2339)
(2325, 2340)
(2325, 2341)
(2325, 2342)
(2325, 2343)
(2325, 2344)
(2325, 2345)
(2325, 2346)
(2325, 2347)
(2325, 2348)
(2325, 2349)
(2325, 2350)
(2325, 2351)
(2325, 2352)
(2325, 2353)
(2325, 2354)
(2325, 2355)
(2325, 2356)
(2325, 2357)
(2325, 2358)
(2325, 2359)
(2325, 2360)
(2325, 2361)
(2325, 2362)
(2325, 2363)
(2325, 2364)
(2325, 2365)
(2325, 2366)
(2325, 2367)
(2325, 2368)
(2325, 2369)
(2325, 2370)
(2325, 2371)
(2325, 2372)
(2325, 2373)
(2325, 2374)
(2325, 2375)
(2325, 2376)
(2325, 2377)
(2325, 2378)
(2325, 2379)
(2325, 2380)
(2325, 2381)
(2325, 2382)
(2325, 2383)
(2325, 2384)
(2325, 2385)
(2325, 2386)
(2325, 2387)
(2325, 2388)
(2325, 2389)
(2325, 2390)
(2325, 2391)
(2325, 2392)
(2325, 2393)
(2325, 2394)
(2325, 2395)
(2325, 2396)
(2325, 2397)
(2325, 2398)
(2325, 2399)
(2325, 2400)
(2325, 2401)
(2326, 2326)
(2326, 2327)
(2326, 2328)
(2326, 2329)
(2326, 2330)
(2326, 2331)
(2326, 2332)
(2326, 2333)
(2326, 2334)
(2326, 2335)
(2326, 2336)
(2326, 2337)
(2326, 2338)
(2326, 2339)
(2326, 2340)
(2326, 2341)
(2326, 2342)
(2326, 2343)
(2326, 2344)
(2326, 2345)
(2326, 2346)
(2326, 2347)
(2326, 2348)
(2326, 2349)
(2326, 2350)
(2326, 2351)
(2326, 2352)
(2326, 2353)
(2326, 2354)
(2326, 2355)
(2326, 2356)
(2326, 2357)
(2326, 2358)
(2326, 2359)
(2326, 2360)
(2326, 2361)
(2326, 2362)
(2326, 2363)
(2326, 2364)
(2326, 2365)
(2326, 2366)
(2326, 2367)
(2326, 2368)
(2326, 2369)
(2326, 2370)
(2326, 2371)
(2326, 2372)
(2326, 2373)
(2326, 2374)
(2326, 2375)
(2326, 2376)
(2326, 2377)
(2326, 2378)
(2326, 2379)
(2326, 2380)
(2326, 2381)
(2326, 2382)
(2326, 2383)
(2326, 2384)
(2326, 2385)
(2326, 2386)
(2326, 2387)
(2326, 2388)
(2326, 2389)
(2326, 2390)
(2326, 2391)
(2326, 2392)
(2326, 2393)
(2326, 2394)
(2326, 2395)
(2326, 2396)
(2326, 2397)
(2326, 2398)
(2326, 2399)
(2326, 2400)
(2326, 2401)
(2326, 2402)
(2327, 2327)
(2327, 2328)
(2327, 2329)
(2327, 2330)
(2327, 2331)
(2327, 2332)
(2327, 2333)
(2327, 2334)
(2327, 2335)
(2327, 2336)
(2327, 2337)
(2327, 2338)
(2327, 2339)
(2327, 2340)
(2327, 2341)
(2327, 2342)
(2327, 2343)
(2327, 2344)
(2327, 2345)
(2327, 2346)
(2327, 2347)
(2327, 2348)
(2327, 2349)
(2327, 2350)
(2327, 2351)
(2327, 2352)
(2327, 2353)
(2327, 2354)
(2327, 2355)
(2327, 2356)
(2327, 2357)
(2327, 2358)
(2327, 2359)
(2327, 2360)
(2327, 2361)
(2327, 2362)
(2327, 2363)
(2327, 2364)
(2327, 2365)
(2327, 2366)
(2327, 2367)
(2327, 2368)
(2327, 2369)
(2327, 2370)
(2327, 2371)
(2327, 2372)
(2327, 2373)
(2327, 2374)
(2327, 2375)
(2327, 2376)
(2327, 2377)
(2327, 2378)
(2327, 2379)
(2327, 2380)
(2327, 2381)
(2327, 2382)
(2327, 2383)
(2327, 2384)
(2327, 2385)
(2327, 2386)
(2327, 2387)
(2327, 2388)
(2327, 2389)
(2327, 2390)
(2327, 2391)
(2327, 2392)
(2327, 2393)
(2327, 2394)
(2327, 2395)
(2327, 2396)
(2327, 2397)
(2327, 2398)
(2327, 2399)
(2327, 2400)
(2327, 2401)
(2327, 2402)
(2328, 2328)
(2328, 2329)
(2328, 2330)
(2328, 2331)
(2328, 2332)
(2328, 2333)
(2328, 2334)
(2328, 2335)
(2328, 2336)
(2328, 2337)
(2328, 2338)
(2328, 2339)
(2328, 2340)
(2328, 2341)
(2328, 2342)
(2328, 2343)
(2328, 2344)
(2328, 2345)
(2328, 2346)
(2328, 2347)
(2328, 2348)
(2328, 2349)
(2328, 2350)
(2328, 2351)
(2328, 2352)
(2328, 2353)
(2328, 2354)
(2328, 2355)
(2328, 2356)
(2328, 2357)
(2328, 2358)
(2328, 2359)
(2328, 2360)
(2328, 2361)
(2328, 2362)
(2328, 2363)
(2328, 2364)
(2328, 2365)
(2328, 2366)
(2328, 2367)
(2328, 2368)
(2328, 2369)
(2328, 2370)
(2328, 2371)
(2328, 2372)
(2328, 2373)
(2328, 2374)
(2328, 2375)
(2328, 2376)
(2328, 2377)
(2328, 2378)
(2328, 2379)
(2328, 2380)
(2328, 2381)
(2328, 2382)
(2328, 2383)
(2328, 2384)
(2328, 2385)
(2328, 2386)
(2328, 2387)
(2328, 2388)
(2328, 2389)
(2328, 2390)
(2328, 2391)
(2328, 2392)
(2328, 2393)
(2328, 2394)
(2328, 2395)
(2328, 2396)
(2328, 2397)
(2328, 2398)
(2328, 2399)
(2328, 2400)
(2328, 2401)
(2329, 2329)
(2329, 2330)
(2329, 2331)
(2329, 2332)
(2329, 2333)
(2329, 2334)
(2329, 2335)
(2329, 2336)
(2329, 2337)
(2329, 2338)
(2329, 2339)
(2329, 2340)
(2329, 2341)
(2329, 2342)
(2329, 2343)
(2329, 2344)
(2329, 2345)
(2329, 2346)
(2329, 2347)
(2329, 2348)
(2329, 2349)
(2329, 2350)
(2329, 2351)
(2329, 2352)
(2329, 2353)
(2329, 2354)
(2329, 2355)
(2329, 2356)
(2329, 2357)
(2329, 2358)
(2329, 2359)
(2329, 2360)
(2329, 2361)
(2329, 2362)
(2329, 2363)
(2329, 2364)
(2329, 2365)
(2329, 2366)
(2329, 2367)
(2329, 2368)
(2329, 2369)
(2329, 2370)
(2329, 2371)
(2329, 2372)
(2329, 2373)
(2329, 2374)
(2329, 2375)
(2329, 2376)
(2329, 2377)
(2329, 2378)
(2329, 2379)
(2329, 2380)
(2329, 2381)
(2329, 2382)
(2329, 2383)
(2329, 2384)
(2329, 2385)
(2329, 2386)
(2329, 2387)
(2329, 2388)
(2329, 2389)
(2329, 2390)
(2329, 2391)
(2329, 2392)
(2329, 2393)
(2329, 2394)
(2329, 2395)
(2329, 2396)
(2329, 2397)
(2329, 2398)
(2329, 2399)
(2329, 2400)
(2329, 2401)
(2330, 2330)
(2330, 2331)
(2330, 2332)
(2330, 2333)
(2330, 2334)
(2330, 2335)
(2330, 2336)
(2330, 2337)
(2330, 2338)
(2330, 2339)
(2330, 2340)
(2330, 2341)
(2330, 2342)
(2330, 2343)
(2330, 2344)
(2330, 2345)
(2330, 2346)
(2330, 2347)
(2330, 2348)
(2330, 2349)
(2330, 2350)
(2330, 2351)
(2330, 2352)
(2330, 2353)
(2330, 2354)
(2330, 2355)
(2330, 2356)
(2330, 2357)
(2330, 2358)
(2330, 2359)
(2330, 2360)
(2330, 2361)
(2330, 2362)
(2330, 2363)
(2330, 2364)
(2330, 2365)
(2330, 2366)
(2330, 2367)
(2330, 2368)
(2330, 2369)
(2330, 2370)
(2330, 2371)
(2330, 2372)
(2330, 2373)
(2330, 2374)
(2330, 2375)
(2330, 2376)
(2330, 2377)
(2330, 2378)
(2330, 2379)
(2330, 2380)
(2330, 2381)
(2330, 2382)
(2330, 2383)
(2330, 2384)
(2330, 2385)
(2330, 2386)
(2330, 2387)
(2330, 2388)
(2330, 2389)
(2330, 2390)
(2330, 2391)
(2330, 2392)
(2330, 2393)
(2330, 2394)
(2330, 2395)
(2330, 2396)
(2330, 2397)
(2330, 2398)
(2330, 2399)
(2330, 2400)
(2330, 2401)
(2331, 2331)
(2331, 2332)
(2331, 2333)
(2331, 2334)
(2331, 2335)
(2331, 2336)
(2331, 2337)
(2331, 2338)
(2331, 2339)
(2331, 2340)
(2331, 2341)
(2331, 2342)
(2331, 2343)
(2331, 2344)
(2331, 2345)
(2331, 2346)
(2331, 2347)
(2331, 2348)
(2331, 2349)
(2331, 2350)
(2331, 2351)
(2331, 2352)
(2331, 2353)
(2331, 2354)
(2331, 2355)
(2331, 2356)
(2331, 2357)
(2331, 2358)
(2331, 2359)
(2331, 2360)
(2331, 2361)
(2331, 2362)
(2331, 2363)
(2331, 2364)
(2331, 2365)
(2331, 2366)
(2331, 2367)
(2331, 2368)
(2331, 2369)
(2331, 2370)
(2331, 2371)
(2331, 2372)
(2331, 2373)
(2331, 2374)
(2331, 2375)
(2331, 2376)
(2331, 2377)
(2331, 2378)
(2331, 2379)
(2331, 2380)
(2331, 2381)
(2331, 2382)
(2331, 2383)
(2331, 2384)
(2331, 2385)
(2331, 2386)
(2331, 2387)
(2331, 2388)
(2331, 2389)
(2331, 2390)
(2331, 2391)
(2331, 2392)
(2331, 2393)
(2331, 2394)
(2331, 2395)
(2331, 2396)
(2331, 2397)
(2331, 2398)
(2331, 2399)
(2331, 2400)
(2331, 2401)
(2332, 2332)
(2332, 2333)
(2332, 2334)
(2332, 2335)
(2332, 2336)
(2332, 2337)
(2332, 2338)
(2332, 2339)
(2332, 2340)
(2332, 2341)
(2332, 2342)
(2332, 2343)
(2332, 2344)
(2332, 2345)
(2332, 2346)
(2332, 2347)
(2332, 2348)
(2332, 2349)
(2332, 2350)
(2332, 2351)
(2332, 2352)
(2332, 2353)
(2332, 2354)
(2332, 2355)
(2332, 2356)
(2332, 2357)
(2332, 2358)
(2332, 2359)
(2332, 2360)
(2332, 2361)
(2332, 2362)
(2332, 2363)
(2332, 2364)
(2332, 2365)
(2332, 2366)
(2332, 2367)
(2332, 2368)
(2332, 2369)
(2332, 2370)
(2332, 2371)
(2332, 2372)
(2332, 2373)
(2332, 2374)
(2332, 2375)
(2332, 2376)
(2332, 2377)
(2332, 2378)
(2332, 2379)
(2332, 2380)
(2332, 2381)
(2332, 2382)
(2332, 2383)
(2332, 2384)
(2332, 2385)
(2332, 2386)
(2332, 2387)
(2332, 2388)
(2332, 2389)
(2332, 2390)
(2332, 2391)
(2332, 2392)
(2332, 2393)
(2332, 2394)
(2332, 2395)
(2332, 2396)
(2332, 2397)
(2332, 2398)
(2332, 2399)
(2332, 2400)
(2332, 2401)
(2333, 2333)
(2333, 2334)
(2333, 2335)
(2333, 2336)
(2333, 2337)
(2333, 2338)
(2333, 2339)
(2333, 2340)
(2333, 2341)
(2333, 2342)
(2333, 2343)
(2333, 2344)
(2333, 2345)
(2333, 2346)
(2333, 2347)
(2333, 2348)
(2333, 2349)
(2333, 2350)
(2333, 2351)
(2333, 2352)
(2333, 2353)
(2333, 2354)
(2333, 2355)
(2333, 2356)
(2333, 2357)
(2333, 2358)
(2333, 2359)
(2333, 2360)
(2333, 2361)
(2333, 2362)
(2333, 2363)
(2333, 2364)
(2333, 2365)
(2333, 2366)
(2333, 2367)
(2333, 2368)
(2333, 2369)
(2333, 2370)
(2333, 2371)
(2333, 2372)
(2333, 2373)
(2333, 2374)
(2333, 2375)
(2333, 2376)
(2333, 2377)
(2333, 2378)
(2333, 2379)
(2333, 2380)
(2333, 2381)
(2333, 2382)
(2333, 2383)
(2333, 2384)
(2333, 2385)
(2333, 2386)
(2333, 2387)
(2333, 2388)
(2333, 2389)
(2333, 2390)
(2333, 2391)
(2333, 2392)
(2333, 2393)
(2333, 2394)
(2333, 2395)
(2333, 2396)
(2333, 2397)
(2333, 2398)
(2333, 2399)
(2333, 2400)
(2333, 2401)
(2334, 2334)
(2334, 2335)
(2334, 2336)
(2334, 2337)
(2334, 2338)
(2334, 2339)
(2334, 2340)
(2334, 2341)
(2334, 2342)
(2334, 2343)
(2334, 2344)
(2334, 2345)
(2334, 2346)
(2334, 2347)
(2334, 2348)
(2334, 2349)
(2334, 2350)
(2334, 2351)
(2334, 2352)
(2334, 2353)
(2334, 2354)
(2334, 2355)
(2334, 2356)
(2334, 2357)
(2334, 2358)
(2334, 2359)
(2334, 2360)
(2334, 2361)
(2334, 2362)
(2334, 2363)
(2334, 2364)
(2334, 2365)
(2334, 2366)
(2334, 2367)
(2334, 2368)
(2334, 2369)
(2334, 2370)
(2334, 2371)
(2334, 2372)
(2334, 2373)
(2334, 2374)
(2334, 2375)
(2334, 2376)
(2334, 2377)
(2334, 2378)
(2334, 2379)
(2334, 2380)
(2334, 2381)
(2334, 2382)
(2334, 2383)
(2334, 2384)
(2334, 2385)
(2334, 2386)
(2334, 2387)
(2334, 2388)
(2334, 2389)
(2334, 2390)
(2334, 2391)
(2334, 2392)
(2334, 2393)
(2334, 2394)
(2334, 2395)
(2334, 2396)
(2334, 2397)
(2334, 2398)
(2334, 2399)
(2334, 2400)
(2334, 2401)
(2335, 2335)
(2335, 2336)
(2335, 2337)
(2335, 2338)
(2335, 2339)
(2335, 2340)
(2335, 2341)
(2335, 2342)
(2335, 2343)
(2335, 2344)
(2335, 2345)
(2335, 2346)
(2335, 2347)
(2335, 2348)
(2335, 2349)
(2335, 2350)
(2335, 2351)
(2335, 2352)
(2335, 2353)
(2335, 2354)
(2335, 2355)
(2335, 2356)
(2335, 2357)
(2335, 2358)
(2335, 2359)
(2335, 2360)
(2335, 2361)
(2335, 2362)
(2335, 2363)
(2335, 2364)
(2335, 2365)
(2335, 2366)
(2335, 2367)
(2335, 2368)
(2335, 2369)
(2335, 2370)
(2335, 2371)
(2335, 2372)
(2335, 2373)
(2335, 2374)
(2335, 2375)
(2335, 2376)
(2335, 2377)
(2335, 2378)
(2335, 2379)
(2335, 2380)
(2335, 2381)
(2335, 2382)
(2335, 2383)
(2335, 2384)
(2335, 2385)
(2335, 2386)
(2335, 2387)
(2335, 2388)
(2335, 2389)
(2335, 2390)
(2335, 2391)
(2335, 2392)
(2335, 2393)
(2335, 2394)
(2335, 2395)
(2335, 2396)
(2335, 2397)
(2335, 2398)
(2335, 2399)
(2335, 2400)
(2335, 2401)
(2336, 2336)
(2336, 2337)
(2336, 2338)
(2336, 2339)
(2336, 2340)
(2336, 2341)
(2336, 2342)
(2336, 2343)
(2336, 2344)
(2336, 2345)
(2336, 2346)
(2336, 2347)
(2336, 2348)
(2336, 2349)
(2336, 2350)
(2336, 2351)
(2336, 2352)
(2336, 2353)
(2336, 2354)
(2336, 2355)
(2336, 2356)
(2336, 2357)
(2336, 2358)
(2336, 2359)
(2336, 2360)
(2336, 2361)
(2336, 2362)
(2336, 2363)
(2336, 2364)
(2336, 2365)
(2336, 2366)
(2336, 2367)
(2336, 2368)
(2336, 2369)
(2336, 2370)
(2336, 2371)
(2336, 2372)
(2336, 2373)
(2336, 2374)
(2336, 2375)
(2336, 2376)
(2336, 2377)
(2336, 2378)
(2336, 2379)
(2336, 2380)
(2336, 2381)
(2336, 2382)
(2336, 2383)
(2336, 2384)
(2336, 2385)
(2336, 2386)
(2336, 2387)
(2336, 2388)
(2336, 2389)
(2336, 2390)
(2336, 2391)
(2336, 2392)
(2336, 2393)
(2336, 2394)
(2336, 2395)
(2336, 2396)
(2336, 2397)
(2336, 2398)
(2336, 2399)
(2336, 2400)
(2336, 2401)
(2337, 2337)
(2337, 2338)
(2337, 2339)
(2337, 2340)
(2337, 2341)
(2337, 2342)
(2337, 2343)
(2337, 2344)
(2337, 2345)
(2337, 2346)
(2337, 2347)
(2337, 2348)
(2337, 2349)
(2337, 2350)
(2337, 2351)
(2337, 2352)
(2337, 2353)
(2337, 2354)
(2337, 2355)
(2337, 2356)
(2337, 2357)
(2337, 2358)
(2337, 2359)
(2337, 2360)
(2337, 2361)
(2337, 2362)
(2337, 2363)
(2337, 2364)
(2337, 2365)
(2337, 2366)
(2337, 2367)
(2337, 2368)
(2337, 2369)
(2337, 2370)
(2337, 2371)
(2337, 2372)
(2337, 2373)
(2337, 2374)
(2337, 2375)
(2337, 2376)
(2337, 2377)
(2337, 2378)
(2337, 2379)
(2337, 2380)
(2337, 2381)
(2337, 2382)
(2337, 2383)
(2337, 2384)
(2337, 2385)
(2337, 2386)
(2337, 2387)
(2337, 2388)
(2337, 2389)
(2337, 2390)
(2337, 2391)
(2337, 2392)
(2337, 2393)
(2337, 2394)
(2337, 2395)
(2337, 2396)
(2337, 2397)
(2337, 2398)
(2337, 2399)
(2337, 2400)
(2337, 2401)
(2338, 2338)
(2338, 2339)
(2338, 2340)
(2338, 2341)
(2338, 2342)
(2338, 2343)
(2338, 2344)
(2338, 2345)
(2338, 2346)
(2338, 2347)
(2338, 2348)
(2338, 2349)
(2338, 2350)
(2338, 2351)
(2338, 2352)
(2338, 2353)
(2338, 2354)
(2338, 2355)
(2338, 2356)
(2338, 2357)
(2338, 2358)
(2338, 2359)
(2338, 2360)
(2338, 2361)
(2338, 2362)
(2338, 2363)
(2338, 2364)
(2338, 2365)
(2338, 2366)
(2338, 2367)
(2338, 2368)
(2338, 2369)
(2338, 2370)
(2338, 2371)
(2338, 2372)
(2338, 2373)
(2338, 2374)
(2338, 2375)
(2338, 2376)
(2338, 2377)
(2338, 2378)
(2338, 2379)
(2338, 2380)
(2338, 2381)
(2338, 2382)
(2338, 2383)
(2338, 2384)
(2338, 2385)
(2338, 2386)
(2338, 2387)
(2338, 2388)
(2338, 2389)
(2338, 2390)
(2338, 2391)
(2338, 2392)
(2338, 2393)
(2338, 2394)
(2338, 2395)
(2338, 2396)
(2338, 2397)
(2338, 2398)
(2338, 2399)
(2338, 2400)
(2338, 2401)
(2339, 2339)
(2339, 2340)
(2339, 2341)
(2339, 2342)
(2339, 2343)
(2339, 2344)
(2339, 2345)
(2339, 2346)
(2339, 2347)
(2339, 2348)
(2339, 2349)
(2339, 2350)
(2339, 2351)
(2339, 2352)
(2339, 2353)
(2339, 2354)
(2339, 2355)
(2339, 2356)
(2339, 2357)
(2339, 2358)
(2339, 2359)
(2339, 2360)
(2339, 2361)
(2339, 2362)
(2339, 2363)
(2339, 2364)
(2339, 2365)
(2339, 2366)
(2339, 2367)
(2339, 2368)
(2339, 2369)
(2339, 2370)
(2339, 2371)
(2339, 2372)
(2339, 2373)
(2339, 2374)
(2339, 2375)
(2339, 2376)
(2339, 2377)
(2339, 2378)
(2339, 2379)
(2339, 2380)
(2339, 2381)
(2339, 2382)
(2339, 2383)
(2339, 2384)
(2339, 2385)
(2339, 2386)
(2339, 2387)
(2339, 2388)
(2339, 2389)
(2339, 2390)
(2339, 2391)
(2339, 2392)
(2339, 2393)
(2339, 2394)
(2339, 2395)
(2339, 2396)
(2339, 2397)
(2339, 2398)
(2339, 2399)
(2339, 2400)
(2339, 2401)
(2340, 2340)
(2340, 2341)
(2340, 2342)
(2340, 2343)
(2340, 2344)
(2340, 2345)
(2340, 2346)
(2340, 2347)
(2340, 2348)
(2340, 2349)
(2340, 2350)
(2340, 2351)
(2340, 2352)
(2340, 2353)
(2340, 2354)
(2340, 2355)
(2340, 2356)
(2340, 2357)
(2340, 2358)
(2340, 2359)
(2340, 2360)
(2340, 2361)
(2340, 2362)
(2340, 2363)
(2340, 2364)
(2340, 2365)
(2340, 2366)
(2340, 2367)
(2340, 2368)
(2340, 2369)
(2340, 2370)
(2340, 2371)
(2340, 2372)
(2340, 2373)
(2340, 2374)
(2340, 2375)
(2340, 2376)
(2340, 2377)
(2340, 2378)
(2340, 2379)
(2340, 2380)
(2340, 2381)
(2340, 2382)
(2340, 2383)
(2340, 2384)
(2340, 2385)
(2340, 2386)
(2340, 2387)
(2340, 2388)
(2340, 2389)
(2340, 2390)
(2340, 2391)
(2340, 2392)
(2340, 2393)
(2340, 2394)
(2340, 2395)
(2340, 2396)
(2340, 2397)
(2340, 2398)
(2340, 2399)
(2340, 2400)
(2340, 2401)
(2341, 2341)
(2341, 2342)
(2341, 2343)
(2341, 2344)
(2341, 2345)
(2341, 2346)
(2341, 2347)
(2341, 2348)
(2341, 2349)
(2341, 2350)
(2341, 2351)
(2341, 2352)
(2341, 2353)
(2341, 2354)
(2341, 2355)
(2341, 2356)
(2341, 2357)
(2341, 2358)
(2341, 2359)
(2341, 2360)
(2341, 2361)
(2341, 2362)
(2341, 2363)
(2341, 2364)
(2341, 2365)
(2341, 2366)
(2341, 2367)
(2341, 2368)
(2341, 2369)
(2341, 2370)
(2341, 2371)
(2341, 2372)
(2341, 2373)
(2341, 2374)
(2341, 2375)
(2341, 2376)
(2341, 2377)
(2341, 2378)
(2341, 2379)
(2341, 2380)
(2341, 2381)
(2341, 2382)
(2341, 2383)
(2341, 2384)
(2341, 2385)
(2341, 2386)
(2341, 2387)
(2341, 2388)
(2341, 2389)
(2341, 2390)
(2341, 2391)
(2341, 2392)
(2341, 2393)
(2341, 2394)
(2341, 2395)
(2341, 2396)
(2341, 2397)
(2341, 2398)
(2341, 2399)
(2341, 2400)
(2341, 2401)
(2342, 2342)
(2342, 2343)
(2342, 2344)
(2342, 2345)
(2342, 2346)
(2342, 2347)
(2342, 2348)
(2342, 2349)
(2342, 2350)
(2342, 2351)
(2342, 2352)
(2342, 2353)
(2342, 2354)
(2342, 2355)
(2342, 2356)
(2342, 2357)
(2342, 2358)
(2342, 2359)
(2342, 2360)
(2342, 2361)
(2342, 2362)
(2342, 2363)
(2342, 2364)
(2342, 2365)
(2342, 2366)
(2342, 2367)
(2342, 2368)
(2342, 2369)
(2342, 2370)
(2342, 2371)
(2342, 2372)
(2342, 2373)
(2342, 2374)
(2342, 2375)
(2342, 2376)
(2342, 2377)
(2342, 2378)
(2342, 2379)
(2342, 2380)
(2342, 2381)
(2342, 2382)
(2342, 2383)
(2342, 2384)
(2342, 2385)
(2342, 2386)
(2342, 2387)
(2342, 2388)
(2342, 2389)
(2342, 2390)
(2342, 2391)
(2342, 2392)
(2342, 2393)
(2342, 2394)
(2342, 2395)
(2342, 2396)
(2342, 2397)
(2342, 2398)
(2342, 2399)
(2342, 2400)
(2342, 2401)
(2343, 2343)
(2343, 2344)
(2343, 2345)
(2343, 2346)
(2343, 2347)
(2343, 2348)
(2343, 2349)
(2343, 2350)
(2343, 2351)
(2343, 2352)
(2343, 2353)
(2343, 2354)
(2343, 2355)
(2343, 2356)
(2343, 2357)
(2343, 2358)
(2343, 2359)
(2343, 2360)
(2343, 2361)
(2343, 2362)
(2343, 2363)
(2343, 2364)
(2343, 2365)
(2343, 2366)
(2343, 2367)
(2343, 2368)
(2343, 2369)
(2343, 2370)
(2343, 2371)
(2343, 2372)
(2343, 2373)
(2343, 2374)
(2343, 2375)
(2343, 2376)
(2343, 2377)
(2343, 2378)
(2343, 2379)
(2343, 2380)
(2343, 2381)
(2343, 2382)
(2343, 2383)
(2343, 2384)
(2343, 2385)
(2343, 2386)
(2343, 2387)
(2343, 2388)
(2343, 2389)
(2343, 2390)
(2343, 2391)
(2343, 2392)
(2343, 2393)
(2343, 2394)
(2343, 2395)
(2343, 2396)
(2343, 2397)
(2343, 2398)
(2343, 2399)
(2343, 2400)
(2343, 2401)
(2344, 2344)
(2344, 2345)
(2344, 2346)
(2344, 2347)
(2344, 2348)
(2344, 2349)
(2344, 2350)
(2344, 2351)
(2344, 2352)
(2344, 2353)
(2344, 2354)
(2344, 2355)
(2344, 2356)
(2344, 2357)
(2344, 2358)
(2344, 2359)
(2344, 2360)
(2344, 2361)
(2344, 2362)
(2344, 2363)
(2344, 2364)
(2344, 2365)
(2344, 2366)
(2344, 2367)
(2344, 2368)
(2344, 2369)
(2344, 2370)
(2344, 2371)
(2344, 2372)
(2344, 2373)
(2344, 2374)
(2344, 2375)
(2344, 2376)
(2344, 2377)
(2344, 2378)
(2344, 2379)
(2344, 2380)
(2344, 2381)
(2344, 2382)
(2344, 2383)
(2344, 2384)
(2344, 2385)
(2344, 2386)
(2344, 2387)
(2344, 2388)
(2344, 2389)
(2344, 2390)
(2344, 2391)
(2344, 2392)
(2344, 2393)
(2344, 2394)
(2344, 2395)
(2344, 2396)
(2344, 2397)
(2344, 2398)
(2344, 2399)
(2344, 2400)
(2344, 2401)
(2345, 2345)
(2345, 2346)
(2345, 2347)
(2345, 2348)
(2345, 2349)
(2345, 2350)
(2345, 2351)
(2345, 2352)
(2345, 2353)
(2345, 2354)
(2345, 2355)
(2345, 2356)
(2345, 2357)
(2345, 2358)
(2345, 2359)
(2345, 2360)
(2345, 2361)
(2345, 2362)
(2345, 2363)
(2345, 2364)
(2345, 2365)
(2345, 2366)
(2345, 2367)
(2345, 2368)
(2345, 2369)
(2345, 2370)
(2345, 2371)
(2345, 2372)
(2345, 2373)
(2345, 2374)
(2345, 2375)
(2345, 2376)
(2345, 2377)
(2345, 2378)
(2345, 2379)
(2345, 2380)
(2345, 2381)
(2345, 2382)
(2345, 2383)
(2345, 2384)
(2345, 2385)
(2345, 2386)
(2345, 2387)
(2345, 2388)
(2345, 2389)
(2345, 2390)
(2345, 2391)
(2345, 2392)
(2345, 2393)
(2345, 2394)
(2345, 2395)
(2345, 2396)
(2345, 2397)
(2345, 2398)
(2345, 2399)
(2345, 2400)
(2345, 2401)
(2346, 2346)
(2346, 2347)
(2346, 2348)
(2346, 2349)
(2346, 2350)
(2346, 2351)
(2346, 2352)
(2346, 2353)
(2346, 2354)
(2346, 2355)
(2346, 2356)
(2346, 2357)
(2346, 2358)
(2346, 2359)
(2346, 2360)
(2346, 2361)
(2346, 2362)
(2346, 2363)
(2346, 2364)
(2346, 2365)
(2346, 2366)
(2346, 2367)
(2346, 2368)
(2346, 2369)
(2346, 2370)
(2346, 2371)
(2346, 2372)
(2346, 2373)
(2346, 2374)
(2346, 2375)
(2346, 2376)
(2346, 2377)
(2346, 2378)
(2346, 2379)
(2346, 2380)
(2346, 2381)
(2346, 2382)
(2346, 2383)
(2346, 2384)
(2346, 2385)
(2346, 2386)
(2346, 2387)
(2346, 2388)
(2346, 2389)
(2346, 2390)
(2346, 2391)
(2346, 2392)
(2346, 2393)
(2346, 2394)
(2346, 2395)
(2346, 2396)
(2346, 2397)
(2346, 2398)
(2346, 2399)
(2346, 2400)
(2346, 2401)
(2347, 2347)
(2347, 2348)
(2347, 2349)
(2347, 2350)
(2347, 2351)
(2347, 2352)
(2347, 2353)
(2347, 2354)
(2347, 2355)
(2347, 2356)
(2347, 2357)
(2347, 2358)
(2347, 2359)
(2347, 2360)
(2347, 2361)
(2347, 2362)
(2347, 2363)
(2347, 2364)
(2347, 2365)
(2347, 2366)
(2347, 2367)
(2347, 2368)
(2347, 2369)
(2347, 2370)
(2347, 2371)
(2347, 2372)
(2347, 2373)
(2347, 2374)
(2347, 2375)
(2347, 2376)
(2347, 2377)
(2347, 2378)
(2347, 2379)
(2347, 2380)
(2347, 2381)
(2347, 2382)
(2347, 2383)
(2347, 2384)
(2347, 2385)
(2347, 2386)
(2347, 2387)
(2347, 2388)
(2347, 2389)
(2347, 2390)
(2347, 2391)
(2347, 2392)
(2347, 2393)
(2347, 2394)
(2347, 2395)
(2347, 2396)
(2347, 2397)
(2347, 2398)
(2347, 2399)
(2347, 2400)
(2347, 2401)
(2348, 2348)
(2348, 2349)
(2348, 2350)
(2348, 2351)
(2348, 2352)
(2348, 2353)
(2348, 2354)
(2348, 2355)
(2348, 2356)
(2348, 2357)
(2348, 2358)
(2348, 2359)
(2348, 2360)
(2348, 2361)
(2348, 2362)
(2348, 2363)
(2348, 2364)
(2348, 2365)
(2348, 2366)
(2348, 2367)
(2348, 2368)
(2348, 2369)
(2348, 2370)
(2348, 2371)
(2348, 2372)
(2348, 2373)
(2348, 2374)
(2348, 2375)
(2348, 2376)
(2348, 2377)
(2348, 2378)
(2348, 2379)
(2348, 2380)
(2348, 2381)
(2348, 2382)
(2348, 2383)
(2348, 2384)
(2348, 2385)
(2348, 2386)
(2348, 2387)
(2348, 2388)
(2348, 2389)
(2348, 2390)
(2348, 2391)
(2348, 2392)
(2348, 2393)
(2348, 2394)
(2348, 2395)
(2348, 2396)
(2348, 2397)
(2348, 2398)
(2348, 2399)
(2348, 2400)
(2348, 2401)
(2349, 2349)
(2349, 2350)
(2349, 2351)
(2349, 2352)
(2349, 2353)
(2349, 2354)
(2349, 2355)
(2349, 2356)
(2349, 2357)
(2349, 2358)
(2349, 2359)
(2349, 2360)
(2349, 2361)
(2349, 2362)
(2349, 2363)
(2349, 2364)
(2349, 2365)
(2349, 2366)
(2349, 2367)
(2349, 2368)
(2349, 2369)
(2349, 2370)
(2349, 2371)
(2349, 2372)
(2349, 2373)
(2349, 2374)
(2349, 2375)
(2349, 2376)
(2349, 2377)
(2349, 2378)
(2349, 2379)
(2349, 2380)
(2349, 2381)
(2349, 2382)
(2349, 2383)
(2349, 2384)
(2349, 2385)
(2349, 2386)
(2349, 2387)
(2349, 2388)
(2349, 2389)
(2349, 2390)
(2349, 2391)
(2349, 2392)
(2349, 2393)
(2349, 2394)
(2349, 2395)
(2349, 2396)
(2349, 2397)
(2349, 2398)
(2349, 2399)
(2349, 2400)
(2349, 2401)
(2350, 2350)
(2350, 2351)
(2350, 2352)
(2350, 2353)
(2350, 2354)
(2350, 2355)
(2350, 2356)
(2350, 2357)
(2350, 2358)
(2350, 2359)
(2350, 2360)
(2350, 2361)
(2350, 2362)
(2350, 2363)
(2350, 2364)
(2350, 2365)
(2350, 2366)
(2350, 2367)
(2350, 2368)
(2350, 2369)
(2350, 2370)
(2350, 2371)
(2350, 2372)
(2350, 2373)
(2350, 2374)
(2350, 2375)
(2350, 2376)
(2350, 2377)
(2350, 2378)
(2350, 2379)
(2350, 2380)
(2350, 2381)
(2350, 2382)
(2350, 2383)
(2350, 2384)
(2350, 2385)
(2350, 2386)
(2350, 2387)
(2350, 2388)
(2350, 2389)
(2350, 2390)
(2350, 2391)
(2350, 2392)
(2350, 2393)
(2350, 2394)
(2350, 2395)
(2350, 2396)
(2350, 2397)
(2350, 2398)
(2350, 2399)
(2350, 2400)
(2350, 2401)
(2351, 2351)
(2351, 2352)
(2351, 2353)
(2351, 2354)
(2351, 2355)
(2351, 2356)
(2351, 2357)
(2351, 2358)
(2351, 2359)
(2351, 2360)
(2351, 2361)
(2351, 2362)
(2351, 2363)
(2351, 2364)
(2351, 2365)
(2351, 2366)
(2351, 2367)
(2351, 2368)
(2351, 2369)
(2351, 2370)
(2351, 2371)
(2351, 2372)
(2351, 2373)
(2351, 2374)
(2351, 2375)
(2351, 2376)
(2351, 2377)
(2351, 2378)
(2351, 2379)
(2351, 2380)
(2351, 2381)
(2351, 2382)
(2351, 2383)
(2351, 2384)
(2351, 2385)
(2351, 2386)
(2351, 2387)
(2351, 2388)
(2351, 2389)
(2351, 2390)
(2351, 2391)
(2351, 2392)
(2351, 2393)
(2351, 2394)
(2351, 2395)
(2351, 2396)
(2351, 2397)
(2351, 2398)
(2351, 2399)
(2351, 2400)
(2351, 2401)
(2352, 2352)
(2352, 2353)
(2352, 2354)
(2352, 2355)
(2352, 2356)
(2352, 2357)
(2352, 2358)
(2352, 2359)
(2352, 2360)
(2352, 2361)
(2352, 2362)
(2352, 2363)
(2352, 2364)
(2352, 2365)
(2352, 2366)
(2352, 2367)
(2352, 2368)
(2352, 2369)
(2352, 2370)
(2352, 2371)
(2352, 2372)
(2352, 2373)
(2352, 2374)
(2352, 2375)
(2352, 2376)
(2352, 2377)
(2352, 2378)
(2352, 2379)
(2352, 2380)
(2352, 2381)
(2352, 2382)
(2352, 2383)
(2352, 2384)
(2352, 2385)
(2352, 2386)
(2352, 2387)
(2352, 2388)
(2352, 2389)
(2352, 2390)
(2352, 2391)
(2352, 2392)
(2352, 2393)
(2352, 2394)
(2352, 2395)
(2352, 2396)
(2352, 2397)
(2352, 2398)
(2352, 2399)
(2352, 2400)
(2352, 2401)
(2353, 2353)
(2353, 2354)
(2353, 2355)
(2353, 2356)
(2353, 2357)
(2353, 2358)
(2353, 2359)
(2353, 2360)
(2353, 2361)
(2353, 2362)
(2353, 2363)
(2353, 2364)
(2353, 2365)
(2353, 2366)
(2353, 2367)
(2353, 2368)
(2353, 2369)
(2353, 2370)
(2353, 2371)
(2353, 2372)
(2353, 2373)
(2353, 2374)
(2353, 2375)
(2353, 2376)
(2353, 2377)
(2353, 2378)
(2353, 2379)
(2353, 2380)
(2353, 2381)
(2353, 2382)
(2353, 2383)
(2353, 2384)
(2353, 2385)
(2353, 2386)
(2353, 2387)
(2353, 2388)
(2353, 2389)
(2353, 2390)
(2353, 2391)
(2353, 2392)
(2353, 2393)
(2353, 2394)
(2353, 2395)
(2353, 2396)
(2353, 2397)
(2353, 2398)
(2353, 2399)
(2353, 2400)
(2353, 2401)
(2354, 2354)
(2354, 2355)
(2354, 2356)
(2354, 2357)
(2354, 2358)
(2354, 2359)
(2354, 2360)
(2354, 2361)
(2354, 2362)
(2354, 2363)
(2354, 2364)
(2354, 2365)
(2354, 2366)
(2354, 2367)
(2354, 2368)
(2354, 2369)
(2354, 2370)
(2354, 2371)
(2354, 2372)
(2354, 2373)
(2354, 2374)
(2354, 2375)
(2354, 2376)
(2354, 2377)
(2354, 2378)
(2354, 2379)
(2354, 2380)
(2354, 2381)
(2354, 2382)
(2354, 2383)
(2354, 2384)
(2354, 2385)
(2354, 2386)
(2354, 2387)
(2354, 2388)
(2354, 2389)
(2354, 2390)
(2354, 2391)
(2354, 2392)
(2354, 2393)
(2354, 2394)
(2354, 2395)
(2354, 2396)
(2354, 2397)
(2354, 2398)
(2354, 2399)
(2354, 2400)
(2354, 2401)
(2355, 2355)
(2355, 2356)
(2355, 2357)
(2355, 2358)
(2355, 2359)
(2355, 2360)
(2355, 2361)
(2355, 2362)
(2355, 2363)
(2355, 2364)
(2355, 2365)
(2355, 2366)
(2355, 2367)
(2355, 2368)
(2355, 2369)
(2355, 2370)
(2355, 2371)
(2355, 2372)
(2355, 2373)
(2355, 2374)
(2355, 2375)
(2355, 2376)
(2355, 2377)
(2355, 2378)
(2355, 2379)
(2355, 2380)
(2355, 2381)
(2355, 2382)
(2355, 2383)
(2355, 2384)
(2355, 2385)
(2355, 2386)
(2355, 2387)
(2355, 2388)
(2355, 2389)
(2355, 2390)
(2355, 2391)
(2355, 2392)
(2355, 2393)
(2355, 2394)
(2355, 2395)
(2355, 2396)
(2355, 2397)
(2355, 2398)
(2355, 2399)
(2355, 2400)
(2355, 2401)
(2356, 2356)
(2356, 2357)
(2356, 2358)
(2356, 2359)
(2356, 2360)
(2356, 2361)
(2356, 2362)
(2356, 2363)
(2356, 2364)
(2356, 2365)
(2356, 2366)
(2356, 2367)
(2356, 2368)
(2356, 2369)
(2356, 2370)
(2356, 2371)
(2356, 2372)
(2356, 2373)
(2356, 2374)
(2356, 2375)
(2356, 2376)
(2356, 2377)
(2356, 2378)
(2356, 2379)
(2356, 2380)
(2356, 2381)
(2356, 2382)
(2356, 2383)
(2356, 2384)
(2356, 2385)
(2356, 2386)
(2356, 2387)
(2356, 2388)
(2356, 2389)
(2356, 2390)
(2356, 2391)
(2356, 2392)
(2356, 2393)
(2356, 2394)
(2356, 2395)
(2356, 2396)
(2356, 2397)
(2356, 2398)
(2356, 2399)
(2356, 2400)
(2356, 2401)
(2357, 2357)
(2357, 2358)
(2357, 2359)
(2357, 2360)
(2357, 2361)
(2357, 2362)
(2357, 2363)
(2357, 2364)
(2357, 2365)
(2357, 2366)
(2357, 2367)
(2357, 2368)
(2357, 2369)
(2357, 2370)
(2357, 2371)
(2357, 2372)
(2357, 2373)
(2357, 2374)
(2357, 2375)
(2357, 2376)
(2357, 2377)
(2357, 2378)
(2357, 2379)
(2357, 2380)
(2357, 2381)
(2357, 2382)
(2357, 2383)
(2357, 2384)
(2357, 2385)
(2357, 2386)
(2357, 2387)
(2357, 2388)
(2357, 2389)
(2357, 2390)
(2357, 2391)
(2357, 2392)
(2357, 2393)
(2357, 2394)
(2357, 2395)
(2357, 2396)
(2357, 2397)
(2357, 2398)
(2357, 2399)
(2357, 2400)
(2357, 2401)
(2358, 2358)
(2358, 2359)
(2358, 2360)
(2358, 2361)
(2358, 2362)
(2358, 2363)
(2358, 2364)
(2358, 2365)
(2358, 2366)
(2358, 2367)
(2358, 2368)
(2358, 2369)
(2358, 2370)
(2358, 2371)
(2358, 2372)
(2358, 2373)
(2358, 2374)
(2358, 2375)
(2358, 2376)
(2358, 2377)
(2358, 2378)
(2358, 2379)
(2358, 2380)
(2358, 2381)
(2358, 2382)
(2358, 2383)
(2358, 2384)
(2358, 2385)
(2358, 2386)
(2358, 2387)
(2358, 2388)
(2358, 2389)
(2358, 2390)
(2358, 2391)
(2358, 2392)
(2358, 2393)
(2358, 2394)
(2358, 2395)
(2358, 2396)
(2358, 2397)
(2358, 2398)
(2358, 2399)
(2358, 2400)
(2358, 2401)
(2359, 2359)
(2359, 2360)
(2359, 2361)
(2359, 2362)
(2359, 2363)
(2359, 2364)
(2359, 2365)
(2359, 2366)
(2359, 2367)
(2359, 2368)
(2359, 2369)
(2359, 2370)
(2359, 2371)
(2359, 2372)
(2359, 2373)
(2359, 2374)
(2359, 2375)
(2359, 2376)
(2359, 2377)
(2359, 2378)
(2359, 2379)
(2359, 2380)
(2359, 2381)
(2359, 2382)
(2359, 2383)
(2359, 2384)
(2359, 2385)
(2359, 2386)
(2359, 2387)
(2359, 2388)
(2359, 2389)
(2359, 2390)
(2359, 2391)
(2359, 2392)
(2359, 2393)
(2359, 2394)
(2359, 2395)
(2359, 2396)
(2359, 2397)
(2359, 2398)
(2359, 2399)
(2359, 2400)
(2359, 2401)
(2360, 2360)
(2360, 2361)
(2360, 2362)
(2360, 2363)
(2360, 2364)
(2360, 2365)
(2360, 2366)
(2360, 2367)
(2360, 2368)
(2360, 2369)
(2360, 2370)
(2360, 2371)
(2360, 2372)
(2360, 2373)
(2360, 2374)
(2360, 2375)
(2360, 2376)
(2360, 2377)
(2360, 2378)
(2360, 2379)
(2360, 2380)
(2360, 2381)
(2360, 2382)
(2360, 2383)
(2360, 2384)
(2360, 2385)
(2360, 2386)
(2360, 2387)
(2360, 2388)
(2360, 2389)
(2360, 2390)
(2360, 2391)
(2360, 2392)
(2360, 2393)
(2360, 2394)
(2360, 2395)
(2360, 2396)
(2360, 2397)
(2360, 2398)
(2360, 2399)
(2360, 2400)
(2360, 2401)
(2361, 2361)
(2361, 2362)
(2361, 2363)
(2361, 2364)
(2361, 2365)
(2361, 2366)
(2361, 2367)
(2361, 2368)
(2361, 2369)
(2361, 2370)
(2361, 2371)
(2361, 2372)
(2361, 2373)
(2361, 2374)
(2361, 2375)
(2361, 2376)
(2361, 2377)
(2361, 2378)
(2361, 2379)
(2361, 2380)
(2361, 2381)
(2361, 2382)
(2361, 2383)
(2361, 2384)
(2361, 2385)
(2361, 2386)
(2361, 2387)
(2361, 2388)
(2361, 2389)
(2361, 2390)
(2361, 2391)
(2361, 2392)
(2361, 2393)
(2361, 2394)
(2361, 2395)
(2361, 2396)
(2361, 2397)
(2361, 2398)
(2361, 2399)
(2361, 2400)
(2361, 2401)
(2362, 2362)
(2362, 2363)
(2362, 2364)
(2362, 2365)
(2362, 2366)
(2362, 2367)
(2362, 2368)
(2362, 2369)
(2362, 2370)
(2362, 2371)
(2362, 2372)
(2362, 2373)
(2362, 2374)
(2362, 2375)
(2362, 2376)
(2362, 2377)
(2362, 2378)
(2362, 2379)
(2362, 2380)
(2362, 2381)
(2362, 2382)
(2362, 2383)
(2362, 2384)
(2362, 2385)
(2362, 2386)
(2362, 2387)
(2362, 2388)
(2362, 2389)
(2362, 2390)
(2362, 2391)
(2362, 2392)
(2362, 2393)
(2362, 2394)
(2362, 2395)
(2362, 2396)
(2362, 2397)
(2362, 2398)
(2362, 2399)
(2362, 2400)
(2362, 2401)
(2363, 2363)
(2363, 2364)
(2363, 2365)
(2363, 2366)
(2363, 2367)
(2363, 2368)
(2363, 2369)
(2363, 2370)
(2363, 2371)
(2363, 2372)
(2363, 2373)
(2363, 2374)
(2363, 2375)
(2363, 2376)
(2363, 2377)
(2363, 2378)
(2363, 2379)
(2363, 2380)
(2363, 2381)
(2363, 2382)
(2363, 2383)
(2363, 2384)
(2363, 2385)
(2363, 2386)
(2363, 2387)
(2363, 2388)
(2363, 2389)
(2363, 2390)
(2363, 2391)
(2363, 2392)
(2363, 2393)
(2363, 2394)
(2363, 2395)
(2363, 2396)
(2363, 2397)
(2363, 2398)
(2363, 2399)
(2363, 2400)
(2363, 2401)
(2364, 2364)
(2364, 2365)
(2364, 2366)
(2364, 2367)
(2364, 2368)
(2364, 2369)
(2364, 2370)
(2364, 2371)
(2364, 2372)
(2364, 2373)
(2364, 2374)
(2364, 2375)
(2364, 2376)
(2364, 2377)
(2364, 2378)
(2364, 2379)
(2364, 2380)
(2364, 2381)
(2364, 2382)
(2364, 2383)
(2364, 2384)
(2364, 2385)
(2364, 2386)
(2364, 2387)
(2364, 2388)
(2364, 2389)
(2364, 2390)
(2364, 2391)
(2364, 2392)
(2364, 2393)
(2364, 2394)
(2364, 2395)
(2364, 2396)
(2364, 2397)
(2364, 2398)
(2364, 2399)
(2364, 2400)
(2364, 2401)
(2365, 2365)
(2365, 2366)
(2365, 2367)
(2365, 2368)
(2365, 2369)
(2365, 2370)
(2365, 2371)
(2365, 2372)
(2365, 2373)
(2365, 2374)
(2365, 2375)
(2365, 2376)
(2365, 2377)
(2365, 2378)
(2365, 2379)
(2365, 2380)
(2365, 2381)
(2365, 2382)
(2365, 2383)
(2365, 2384)
(2365, 2385)
(2365, 2386)
(2365, 2387)
(2365, 2388)
(2365, 2389)
(2365, 2390)
(2365, 2391)
(2365, 2392)
(2365, 2393)
(2365, 2394)
(2365, 2395)
(2365, 2396)
(2365, 2397)
(2365, 2398)
(2365, 2399)
(2365, 2400)
(2365, 2401)
(2365, 2402)
(2366, 2366)
(2366, 2367)
(2366, 2368)
(2366, 2369)
(2366, 2370)
(2366, 2371)
(2366, 2372)
(2366, 2373)
(2366, 2374)
(2366, 2375)
(2366, 2376)
(2366, 2377)
(2366, 2378)
(2366, 2379)
(2366, 2380)
(2366, 2381)
(2366, 2382)
(2366, 2383)
(2366, 2384)
(2366, 2385)
(2366, 2386)
(2366, 2387)
(2366, 2388)
(2366, 2389)
(2366, 2390)
(2366, 2391)
(2366, 2392)
(2366, 2393)
(2366, 2394)
(2366, 2395)
(2366, 2396)
(2366, 2397)
(2366, 2398)
(2366, 2399)
(2366, 2400)
(2366, 2401)
(2366, 2402)
(2367, 2367)
(2367, 2368)
(2367, 2369)
(2367, 2370)
(2367, 2371)
(2367, 2372)
(2367, 2373)
(2367, 2374)
(2367, 2375)
(2367, 2376)
(2367, 2377)
(2367, 2378)
(2367, 2379)
(2367, 2380)
(2367, 2381)
(2367, 2382)
(2367, 2383)
(2367, 2384)
(2367, 2385)
(2367, 2386)
(2367, 2387)
(2367, 2388)
(2367, 2389)
(2367, 2390)
(2367, 2391)
(2367, 2392)
(2367, 2393)
(2367, 2394)
(2367, 2395)
(2367, 2396)
(2367, 2397)
(2367, 2398)
(2367, 2399)
(2367, 2400)
(2367, 2401)
(2367, 2402)
(2368, 2368)
(2368, 2369)
(2368, 2370)
(2368, 2371)
(2368, 2372)
(2368, 2373)
(2368, 2374)
(2368, 2375)
(2368, 2376)
(2368, 2377)
(2368, 2378)
(2368, 2379)
(2368, 2380)
(2368, 2381)
(2368, 2382)
(2368, 2383)
(2368, 2384)
(2368, 2385)
(2368, 2386)
(2368, 2387)
(2368, 2388)
(2368, 2389)
(2368, 2390)
(2368, 2391)
(2368, 2392)
(2368, 2393)
(2368, 2394)
(2368, 2395)
(2368, 2396)
(2368, 2397)
(2368, 2398)
(2368, 2399)
(2368, 2400)
(2368, 2401)
(2368, 2402)
(2369, 2369)
(2369, 2370)
(2369, 2371)
(2369, 2372)
(2369, 2373)
(2369, 2374)
(2369, 2375)
(2369, 2376)
(2369, 2377)
(2369, 2378)
(2369, 2379)
(2369, 2380)
(2369, 2381)
(2369, 2382)
(2369, 2383)
(2369, 2384)
(2369, 2385)
(2369, 2386)
(2369, 2387)
(2369, 2388)
(2369, 2389)
(2369, 2390)
(2369, 2391)
(2369, 2392)
(2369, 2393)
(2369, 2394)
(2369, 2395)
(2369, 2396)
(2369, 2397)
(2369, 2398)
(2369, 2399)
(2369, 2400)
(2369, 2401)
(2369, 2402)
(2370, 2370)
(2370, 2371)
(2370, 2372)
(2370, 2373)
(2370, 2374)
(2370, 2375)
(2370, 2376)
(2370, 2377)
(2370, 2378)
(2370, 2379)
(2370, 2380)
(2370, 2381)
(2370, 2382)
(2370, 2383)
(2370, 2384)
(2370, 2385)
(2370, 2386)
(2370, 2387)
(2370, 2388)
(2370, 2389)
(2370, 2390)
(2370, 2391)
(2370, 2392)
(2370, 2393)
(2370, 2394)
(2370, 2395)
(2370, 2396)
(2370, 2397)
(2370, 2398)
(2370, 2399)
(2370, 2400)
(2370, 2401)
(2370, 2402)
(2371, 2371)
(2371, 2372)
(2371, 2373)
(2371, 2374)
(2371, 2375)
(2371, 2376)
(2371, 2377)
(2371, 2378)
(2371, 2379)
(2371, 2380)
(2371, 2381)
(2371, 2382)
(2371, 2383)
(2371, 2384)
(2371, 2385)
(2371, 2386)
(2371, 2387)
(2371, 2388)
(2371, 2389)
(2371, 2390)
(2371, 2391)
(2371, 2392)
(2371, 2393)
(2371, 2394)
(2371, 2395)
(2371, 2396)
(2371, 2397)
(2371, 2398)
(2371, 2399)
(2371, 2400)
(2371, 2401)
(2371, 2402)
(2372, 2372)
(2372, 2373)
(2372, 2374)
(2372, 2375)
(2372, 2376)
(2372, 2377)
(2372, 2378)
(2372, 2379)
(2372, 2380)
(2372, 2381)
(2372, 2382)
(2372, 2383)
(2372, 2384)
(2372, 2385)
(2372, 2386)
(2372, 2387)
(2372, 2388)
(2372, 2389)
(2372, 2390)
(2372, 2391)
(2372, 2392)
(2372, 2393)
(2372, 2394)
(2372, 2395)
(2372, 2396)
(2372, 2397)
(2372, 2398)
(2372, 2399)
(2372, 2400)
(2372, 2401)
(2372, 2402)
(2373, 2373)
(2373, 2374)
(2373, 2375)
(2373, 2376)
(2373, 2377)
(2373, 2378)
(2373, 2379)
(2373, 2380)
(2373, 2381)
(2373, 2382)
(2373, 2383)
(2373, 2384)
(2373, 2385)
(2373, 2386)
(2373, 2387)
(2373, 2388)
(2373, 2389)
(2373, 2390)
(2373, 2391)
(2373, 2392)
(2373, 2393)
(2373, 2394)
(2373, 2395)
(2373, 2396)
(2373, 2397)
(2373, 2398)
(2373, 2399)
(2373, 2400)
(2373, 2401)
(2373, 2402)
(2374, 2374)
(2374, 2375)
(2374, 2376)
(2374, 2377)
(2374, 2378)
(2374, 2379)
(2374, 2380)
(2374, 2381)
(2374, 2382)
(2374, 2383)
(2374, 2384)
(2374, 2385)
(2374, 2386)
(2374, 2387)
(2374, 2388)
(2374, 2389)
(2374, 2390)
(2374, 2391)
(2374, 2392)
(2374, 2393)
(2374, 2394)
(2374, 2395)
(2374, 2396)
(2374, 2397)
(2374, 2398)
(2374, 2399)
(2374, 2400)
(2374, 2401)
(2374, 2402)
(2375, 2375)
(2375, 2376)
(2375, 2377)
(2375, 2378)
(2375, 2379)
(2375, 2380)
(2375, 2381)
(2375, 2382)
(2375, 2383)
(2375, 2384)
(2375, 2385)
(2375, 2386)
(2375, 2387)
(2375, 2388)
(2375, 2389)
(2375, 2390)
(2375, 2391)
(2375, 2392)
(2375, 2393)
(2375, 2394)
(2375, 2395)
(2375, 2396)
(2375, 2397)
(2375, 2398)
(2375, 2399)
(2375, 2400)
(2375, 2401)
(2375, 2402)
(2376, 2376)
(2376, 2377)
(2376, 2378)
(2376, 2379)
(2376, 2380)
(2376, 2381)
(2376, 2382)
(2376, 2383)
(2376, 2384)
(2376, 2385)
(2376, 2386)
(2376, 2387)
(2376, 2388)
(2376, 2389)
(2376, 2390)
(2376, 2391)
(2376, 2392)
(2376, 2393)
(2376, 2394)
(2376, 2395)
(2376, 2396)
(2376, 2397)
(2376, 2398)
(2376, 2399)
(2376, 2400)
(2376, 2401)
(2376, 2402)
(2377, 2377)
(2377, 2378)
(2377, 2379)
(2377, 2380)
(2377, 2381)
(2377, 2382)
(2377, 2383)
(2377, 2384)
(2377, 2385)
(2377, 2386)
(2377, 2387)
(2377, 2388)
(2377, 2389)
(2377, 2390)
(2377, 2391)
(2377, 2392)
(2377, 2393)
(2377, 2394)
(2377, 2395)
(2377, 2396)
(2377, 2397)
(2377, 2398)
(2377, 2399)
(2377, 2400)
(2377, 2401)
(2377, 2402)
(2378, 2378)
(2378, 2379)
(2378, 2380)
(2378, 2381)
(2378, 2382)
(2378, 2383)
(2378, 2384)
(2378, 2385)
(2378, 2386)
(2378, 2387)
(2378, 2388)
(2378, 2389)
(2378, 2390)
(2378, 2391)
(2378, 2392)
(2378, 2393)
(2378, 2394)
(2378, 2395)
(2378, 2396)
(2378, 2397)
(2378, 2398)
(2378, 2399)
(2378, 2400)
(2378, 2401)
(2378, 2402)
(2379, 2379)
(2379, 2380)
(2379, 2381)
(2379, 2382)
(2379, 2383)
(2379, 2384)
(2379, 2385)
(2379, 2386)
(2379, 2387)
(2379, 2388)
(2379, 2389)
(2379, 2390)
(2379, 2391)
(2379, 2392)
(2379, 2393)
(2379, 2394)
(2379, 2395)
(2379, 2396)
(2379, 2397)
(2379, 2398)
(2379, 2399)
(2379, 2400)
(2379, 2401)
(2379, 2402)
(2380, 2380)
(2380, 2381)
(2380, 2382)
(2380, 2383)
(2380, 2384)
(2380, 2385)
(2380, 2386)
(2380, 2387)
(2380, 2388)
(2380, 2389)
(2380, 2390)
(2380, 2391)
(2380, 2392)
(2380, 2393)
(2380, 2394)
(2380, 2395)
(2380, 2396)
(2380, 2397)
(2380, 2398)
(2380, 2399)
(2380, 2400)
(2380, 2401)
(2380, 2402)
(2381, 2381)
(2381, 2382)
(2381, 2383)
(2381, 2384)
(2381, 2385)
(2381, 2386)
(2381, 2387)
(2381, 2388)
(2381, 2389)
(2381, 2390)
(2381, 2391)
(2381, 2392)
(2381, 2393)
(2381, 2394)
(2381, 2395)
(2381, 2396)
(2381, 2397)
(2381, 2398)
(2381, 2399)
(2381, 2400)
(2381, 2401)
(2381, 2402)
(2382, 2382)
(2382, 2383)
(2382, 2384)
(2382, 2385)
(2382, 2386)
(2382, 2387)
(2382, 2388)
(2382, 2389)
(2382, 2390)
(2382, 2391)
(2382, 2392)
(2382, 2393)
(2382, 2394)
(2382, 2395)
(2382, 2396)
(2382, 2397)
(2382, 2398)
(2382, 2399)
(2382, 2400)
(2382, 2401)
(2382, 2402)
(2383, 2383)
(2383, 2384)
(2383, 2385)
(2383, 2386)
(2383, 2387)
(2383, 2388)
(2383, 2389)
(2383, 2390)
(2383, 2391)
(2383, 2392)
(2383, 2393)
(2383, 2394)
(2383, 2395)
(2383, 2396)
(2383, 2397)
(2383, 2398)
(2383, 2399)
(2383, 2400)
(2383, 2401)
(2383, 2402)
(2384, 2384)
(2384, 2385)
(2384, 2386)
(2384, 2387)
(2384, 2388)
(2384, 2389)
(2384, 2390)
(2384, 2391)
(2384, 2392)
(2384, 2393)
(2384, 2394)
(2384, 2395)
(2384, 2396)
(2384, 2397)
(2384, 2398)
(2384, 2399)
(2384, 2400)
(2384, 2401)
(2384, 2402)
(2385, 2385)
(2385, 2386)
(2385, 2387)
(2385, 2388)
(2385, 2389)
(2385, 2390)
(2385, 2391)
(2385, 2392)
(2385, 2393)
(2385, 2394)
(2385, 2395)
(2385, 2396)
(2385, 2397)
(2385, 2398)
(2385, 2399)
(2385, 2400)
(2385, 2401)
(2385, 2402)
(2386, 2386)
(2386, 2387)
(2386, 2388)
(2386, 2389)
(2386, 2390)
(2386, 2391)
(2386, 2392)
(2386, 2393)
(2386, 2394)
(2386, 2395)
(2386, 2396)
(2386, 2397)
(2386, 2398)
(2386, 2399)
(2386, 2400)
(2386, 2401)
(2386, 2402)
(2387, 2387)
(2387, 2388)
(2387, 2389)
(2387, 2390)
(2387, 2391)
(2387, 2392)
(2387, 2393)
(2387, 2394)
(2387, 2395)
(2387, 2396)
(2387, 2397)
(2387, 2398)
(2387, 2399)
(2387, 2400)
(2387, 2401)
(2387, 2402)
(2388, 2388)
(2388, 2389)
(2388, 2390)
(2388, 2391)
(2388, 2392)
(2388, 2393)
(2388, 2394)
(2388, 2395)
(2388, 2396)
(2388, 2397)
(2388, 2398)
(2388, 2399)
(2388, 2400)
(2388, 2401)
(2388, 2402)
(2389, 2389)
(2389, 2390)
(2389, 2391)
(2389, 2392)
(2389, 2393)
(2389, 2394)
(2389, 2395)
(2389, 2396)
(2389, 2397)
(2389, 2398)
(2389, 2399)
(2389, 2400)
(2389, 2401)
(2389, 2402)
(2390, 2390)
(2390, 2391)
(2390, 2392)
(2390, 2393)
(2390, 2394)
(2390, 2395)
(2390, 2396)
(2390, 2397)
(2390, 2398)
(2390, 2399)
(2390, 2400)
(2390, 2401)
(2390, 2402)
(2391, 2391)
(2391, 2392)
(2391, 2393)
(2391, 2394)
(2391, 2395)
(2391, 2396)
(2391, 2397)
(2391, 2398)
(2391, 2399)
(2391, 2400)
(2391, 2401)
(2391, 2402)
(2392, 2392)
(2392, 2393)
(2392, 2394)
(2392, 2395)
(2392, 2396)
(2392, 2397)
(2392, 2398)
(2392, 2399)
(2392, 2400)
(2392, 2401)
(2392, 2402)
(2393, 2393)
(2393, 2394)
(2393, 2395)
(2393, 2396)
(2393, 2397)
(2393, 2398)
(2393, 2399)
(2393, 2400)
(2393, 2401)
(2393, 2402)
(2394, 2394)
(2394, 2395)
(2394, 2396)
(2394, 2397)
(2394, 2398)
(2394, 2399)
(2394, 2400)
(2394, 2401)
(2394, 2402)
(2395, 2395)
(2395, 2396)
(2395, 2397)
(2395, 2398)
(2395, 2399)
(2395, 2400)
(2395, 2401)
(2395, 2402)
(2396, 2396)
(2396, 2397)
(2396, 2398)
(2396, 2399)
(2396, 2400)
(2396, 2401)
(2396, 2402)
(2397, 2397)
(2397, 2398)
(2397, 2399)
(2397, 2400)
(2397, 2401)
(2397, 2402)
(2398, 2398)
(2398, 2399)
(2398, 2400)
(2398, 2401)
(2398, 2402)
(2398, 2403)
(2399, 2399)
(2399, 2400)
(2399, 2401)
(2399, 2402)
(2399, 2403)
(2400, 2400)
(2400, 2401)
(2400, 2402)
(2400, 2403)
(2401, 2401)
(2401, 2402)
(2401, 2403)
(2401, 2404)
(2402, 2402)
(2402, 2403)
(2402, 2404)
(2403, 2403)
(2403, 2404)
(2403, 2405)
(2404, 2404)
(2404, 2405)
(2404, 2406)
(2405, 2405)
(2405, 2406)
(2405, 2407)
(2406, 2406)
(2406, 2407)
(2407, 2408)
(2407, 2407)
(2408, 2408)
(2408, 2409)
(2409, 2409)
(2409, 2410)
(2410, 2410)
(2410, 2411)
(2411, 2411)
(2411, 2412)
(2412, 2412)
(2412, 2413)
(2413, 2413)
(2413, 2414)
(2414, 2414)
(2414, 2415)
(2415, 2416)
(2415, 2415)
(2416, 2416)
(2416, 2417)
(2417, 2417)
(2417, 2418)
(2418, 2418)
(2418, 2419)
(2419, 2419)
(2420, 2420)
(2421, 2421)
(2422, 2422)
(2423, 2423)
(2424, 2424)
(2425, 2425)
(2426, 2426)
(2427, 2427)
(2428, 2428)
(2429, 2429)
(2430, 2430)
(2431, 2431)
(2432, 2432)
(2433, 2433)
(2434, 2434)
(2435, 2435)
(2436, 2436)
(2437, 2437)
(2438, 2438)
(2439, 2439)
(2440, 2440)
(2441, 2441)
(2442, 2442)
(2443, 2443)
(2444, 2444)
(2445, 2445)
(2446, 2446)
(2447, 2447)
(2448, 2448)
(2449, 2449)
(2450, 2450)
(2451, 2451)
(2452, 2452)
(2453, 2453)
(2454, 2454)
(2455, 2455)
(2456, 2456)
(2457, 2457)
(2458, 2458)
(2459, 2459)
(2460, 2460)
(2461, 2461)
(2462, 2462)
(2463, 2463)
(2464, 2464)
(2465, 2465)
(2466, 2466)
(2467, 2467)
(2468, 2468)
(2469, 2469)
(2470, 2470)
(2471, 2471)
(2472, 2472)
(2473, 2473)
(2474, 2474)
(2475, 2475)
(2476, 2476)
(2477, 2477)
(2478, 2478)
(2479, 2479)
(2480, 2480)
(2481, 2481)
(2482, 2482)
(2483, 2483)
(2484, 2484)
(2485, 2485)
(2486, 2486)
(2487, 2487)
(2488, 2488)
(2489, 2489)
(2490, 2490)
(2491, 2491)
(2492, 2492)
(2493, 2493)
(2494, 2494)
(2495, 2495)
(2496, 2496)
(2497, 2497)
(2498, 2498)
(2499, 2499)
(2500, 2500)
(2501, 2501)
(2502, 2502)
(2503, 2503)
(2504, 2504)
(2505, 2505)
(2506, 2506)
(2507, 2507)
(2508, 2508)
(2509, 2509)
(2510, 2510)
(2511, 2511)
(2512, 2512)
(2513, 2513)
(2514, 2514)
(2515, 2515)
(2516, 2516)
(2517, 2517)
(2518, 2518)
(2519, 2519)
(2520, 2520)
(2521, 2521)
(2522, 2522)
(2523, 2523)
(2524, 2524)
(2525, 2525)
(2526, 2526)
(2527, 2527)
(2528, 2528)
(2529, 2529)
(2530, 2530)
(2531, 2531)
(2532, 2532)
(2533, 2533)
(2534, 2534)
(2535, 2535)
(2536, 2536)
(2537, 2537)
(2538, 2538)
(2539, 2539)
(2540, 2540)
(2541, 2541)
(2542, 2542)
(2543, 2543)
(2544, 2544)
(2545, 2545)
(2546, 2546)
(2547, 2547)
(2548, 2548)
(2549, 2549)
(2550, 2550)
(2551, 2551)
(2552, 2552)
(2553, 2553)
(2554, 2554)
(2555, 2555)
(2556, 2556)
(2557, 2557)
(2558, 2558)
(2559, 2559)
(2560, 2560)
(2561, 2561)
(2562, 2562)
(2563, 2563)
(2564, 2564)
(2565, 2565)
(2566, 2566)
(2567, 2567)
(2568, 2568)
(2569, 2569)
(2570, 2570)
(2571, 2571)
(2572, 2572)
(2573, 2573)
(2574, 2574)
(2575, 2575)
(2576, 2576)
(2577, 2577)
(2578, 2578)
(2579, 2579)
(2580, 2580)
(2581, 2581)
(2582, 2582)
(2583, 2583)
(2584, 2584)
(2585, 2585)
(2586, 2586)
(2587, 2587)
(2588, 2588)
(2589, 2589)
(2590, 2590)
(2591, 2591)
(2592, 2592)
(2593, 2593)
(2594, 2594)
(2595, 2595)
(2596, 2596)
(2597, 2597)
(2598, 2598)
(2599, 2599)
(2600, 2600)
(2601, 2601)
(2602, 2602)
(2603, 2603)
(2604, 2604)
(2605, 2605)
(2606, 2606)
(2607, 2607)
(2608, 2608)
(2609, 2609)
(2610, 2610)
(2611, 2611)
(2612, 2612)
(2613, 2613)
(2614, 2614)
(2615, 2615)
(2616, 2616)
(2617, 2617)
(2618, 2618)
(2619, 2619)
(2620, 2620)
(2621, 2621)
(2622, 2622)
(2623, 2623)
(2624, 2624)
(2625, 2625)
(2626, 2626)
(2627, 2627)
(2628, 2628)
(2629, 2629)
(2630, 2630)
(2631, 2631)
(2632, 2632)
(2633, 2633)
(2634, 2634)
(2635, 2635)
(2636, 2636)
(2637, 2637)
(2638, 2638)
(2639, 2639)
(2640, 2640)
(2641, 2641)
(2642, 2642)
(2643, 2643)
(2644, 2644)
(2645, 2645)
(2646, 2646)
(2647, 2647)
(2648, 2648)
(2649, 2649)
(2650, 2650)
(2651, 2651)
(2652, 2652)
(2653, 2653)
(2654, 2654)
(2655, 2655)
(2656, 2656)
(2657, 2657)
(2658, 2658)
(2659, 2659)
(2660, 2660)
(2661, 2661)
(2662, 2662)
(2663, 2663)
(2664, 2664)
(2665, 2665)
(2666, 2666)
(2667, 2667)
(2668, 2668)
(2669, 2669)
(2670, 2670)
(2671, 2671)
(2672, 2672)
(2673, 2673)
(2674, 2674)
(2675, 2675)
(2676, 2676)
(2677, 2677)
(2678, 2678)
(2679, 2679)
(2680, 2680)
(2681, 2681)
(2682, 2682)
(2683, 2683)
(2684, 2684)
(2685, 2685)
(2686, 2686)
(2687, 2687)
(2688, 2688)
(2689, 2689)
(2690, 2690)
(2691, 2691)
(2692, 2692)
(2693, 2693)
(2694, 2694)
(2695, 2695)
(2696, 2696)
(2697, 2697)
(2698, 2698)
(2699, 2699)
(2700, 2700)
(2701, 2701)
(2702, 2702)
(2703, 2703)
(2704, 2704)
(2705, 2705)
(2706, 2706)
(2707, 2707)
(2708, 2708)
(2709, 2709)
(2710, 2710)
(2711, 2711)
(2712, 2712)
(2713, 2713)
(2714, 2714)
(2715, 2715)
(2716, 2716)
(2717, 2717)
(2718, 2718)
(2719, 2719)
(2720, 2720)
(2721, 2721)
(2722, 2722)
(2723, 2723)
(2724, 2724)
(2725, 2725)
(2726, 2726)
(2727, 2727)
(2728, 2728)
(2729, 2729)
(2730, 2730)
(2731, 2731)
(2732, 2732)
(2733, 2733)
(2734, 2734)
(2735, 2735)
(2736, 2736)
(2737, 2737)
(2738, 2738)
(2739, 2739)
(2740, 2740)
(2741, 2741)
(2742, 2742)
(2743, 2743)
(2744, 2744)
(2745, 2745)
(2746, 2746)
(2747, 2747)
(2748, 2748)
(2749, 2749)
(2750, 2750)
(2751, 2751)
(2752, 2752)
(2753, 2753)
(2754, 2754)
(2755, 2755)
(2756, 2756)
(2757, 2757)
(2758, 2758)
(2759, 2759)
(2760, 2760)
