(0, 0)
(1, 1)
(2, 2)
(3, 3)
(4, 4452)
(4, 4)
(5, 5)
(5, 4453)
(5, 4454)
(6, 6)
(6, 4454)
(6, 4455)
(7, 4456)
(7, 7)
(8, 8)
(8, 4457)
(9, 9)
(9, 4458)
(10, 10)
(10, 4459)
(11, 11)
(11, 4460)
(12, 12)
(12, 4461)
(13, 13)
(13, 4462)
(14, 14)
(14, 4463)
(15, 4464)
(15, 15)
(16, 16)
(16, 4465)
(17, 17)
(17, 4466)
(18, 18)
(18, 4467)
(19, 19)
(19, 4468)
(20, 20)
(20, 4469)
(21, 21)
(21, 4470)
(22, 22)
(22, 4471)
(23, 4472)
(23, 23)
(24, 24)
(24, 4473)
(25, 25)
(25, 4474)
(26, 26)
(26, 4475)
(27, 27)
(27, 4476)
(28, 28)
(29, 29)
(29, 4477)
(30, 4478)
(30, 30)
(31, 31)
(31, 4479)
(32, 4480)
(32, 32)
(33, 33)
(33, 4481)
(34, 4482)
(34, 34)
(35, 35)
(35, 4483)
(36, 4484)
(36, 36)
(37, 37)
(37, 4485)
(38, 38)
(38, 4486)
(39, 39)
(40, 40)
(41, 41)
(42, 4489)
(42, 42)
(43, 4490)
(43, 43)
(44, 4491)
(44, 44)
(45, 4492)
(45, 45)
(46, 4493)
(46, 46)
(47, 4494)
(47, 47)
(48, 48)
(48, 4495)
(49, 4496)
(49, 49)
(50, 4497)
(50, 50)
(51, 51)
(52, 4498)
(52, 52)
(53, 4499)
(53, 53)
(54, 4500)
(54, 54)
(55, 4501)
(55, 55)
(56, 56)
(56, 4502)
(57, 57)
(57, 4503)
(58, 58)
(59, 4504)
(59, 59)
(60, 4505)
(60, 60)
(61, 4506)
(61, 61)
(62, 4507)
(62, 62)
(63, 4508)
(63, 63)
(64, 64)
(65, 65)
(65, 4509)
(66, 66)
(66, 4510)
(67, 67)
(67, 4511)
(68, 68)
(69, 4512)
(69, 69)
(70, 4513)
(70, 70)
(71, 4514)
(71, 71)
(72, 72)
(73, 73)
(73, 4515)
(74, 74)
(74, 4516)
(75, 75)
(76, 76)
(76, 4517)
(77, 77)
(77, 4518)
(78, 78)
(79, 4519)
(79, 79)
(80, 80)
(81, 4520)
(81, 81)
(82, 4521)
(82, 82)
(83, 83)
(84, 4522)
(84, 84)
(85, 85)
(86, 4523)
(86, 86)
(87, 87)
(88, 88)
(89, 89)
(90, 90)
(91, 91)
(92, 92)
(93, 93)
(93, 94)
(94, 94)
(94, 95)
(95, 96)
(95, 95)
(95, 4527)
(96, 96)
(96, 97)
(97, 97)
(97, 98)
(97, 4528)
(98, 4528)
(98, 98)
(98, 99)
(99, 99)
(99, 100)
(100, 4529)
(100, 100)
(100, 101)
(101, 4529)
(101, 101)
(101, 102)
(102, 102)
(102, 103)
(103, 104)
(103, 103)
(104, 104)
(104, 105)
(105, 105)
(105, 106)
(106, 106)
(106, 107)
(107, 107)
(107, 108)
(108, 108)
(108, 109)
(109, 109)
(109, 110)
(110, 110)
(110, 111)
(111, 112)
(111, 111)
(112, 112)
(112, 113)
(113, 113)
(113, 114)
(114, 114)
(114, 115)
(115, 115)
(115, 116)
(116, 116)
(116, 117)
(117, 117)
(117, 118)
(118, 118)
(118, 119)
(119, 120)
(119, 119)
(120, 120)
(120, 121)
(121, 121)
(121, 122)
(122, 122)
(122, 123)
(123, 123)
(123, 124)
(124, 124)
(124, 125)
(125, 125)
(125, 126)
(126, 126)
(126, 127)
(127, 128)
(127, 127)
(128, 128)
(128, 129)
(129, 129)
(129, 130)
(130, 130)
(130, 131)
(131, 131)
(132, 132)
(133, 133)
(134, 134)
(135, 135)
(136, 136)
(137, 137)
(138, 138)
(139, 139)
(140, 140)
(141, 141)
(142, 142)
(143, 143)
(144, 144)
(145, 145)
(146, 146)
(147, 147)
(148, 148)
(149, 149)
(150, 150)
(151, 151)
(152, 152)
(153, 153)
(154, 154)
(155, 155)
(156, 156)
(157, 157)
(158, 158)
(159, 159)
(160, 160)
(161, 161)
(162, 162)
(163, 163)
(164, 164)
(165, 165)
(166, 166)
(167, 167)
(168, 168)
(169, 169)
(170, 170)
(171, 171)
(172, 172)
(172, 1615)
(173, 1616)
(173, 173)
(174, 1617)
(174, 174)
(175, 1618)
(175, 175)
(176, 176)
(176, 1619)
(177, 177)
(177, 1620)
(178, 178)
(178, 1621)
(179, 179)
(180, 180)
(180, 1622)
(181, 181)
(181, 1623)
(182, 182)
(183, 183)
(184, 184)
(185, 185)
(186, 186)
(187, 187)
(188, 188)
(189, 189)
(190, 190)
(191, 191)
(192, 192)
(193, 193)
(194, 194)
(195, 195)
(196, 1633)
(196, 196)
(197, 1633)
(197, 1634)
(197, 197)
(198, 1634)
(198, 198)
(199, 200)
(199, 199)
(200, 200)
(200, 201)
(201, 201)
(201, 202)
(202, 202)
(202, 203)
(203, 203)
(203, 204)
(204, 204)
(204, 205)
(205, 205)
(205, 206)
(206, 206)
(206, 207)
(207, 208)
(207, 207)
(208, 208)
(208, 209)
(209, 209)
(209, 210)
(210, 210)
(210, 211)
(211, 211)
(211, 212)
(212, 212)
(212, 213)
(213, 213)
(213, 214)
(214, 214)
(214, 215)
(215, 216)
(215, 215)
(216, 216)
(216, 217)
(217, 217)
(217, 218)
(218, 218)
(218, 219)
(219, 219)
(220, 220)
(221, 221)
(222, 222)
(223, 223)
(224, 224)
(225, 225)
(226, 226)
(227, 227)
(228, 228)
(229, 229)
(230, 230)
(231, 231)
(232, 232)
(233, 233)
(234, 234)
(235, 235)
(236, 236)
(237, 237)
(238, 238)
(239, 239)
(240, 240)
(241, 241)
(242, 242)
(243, 243)
(244, 244)
(245, 245)
(246, 246)
(247, 247)
(248, 248)
(249, 249)
(250, 250)
(251, 251)
(252, 252)
(253, 253)
(254, 254)
(255, 255)
(256, 256)
(257, 257)
(258, 258)
(259, 259)
(260, 260)
(261, 261)
(262, 262)
(263, 263)
(264, 264)
(265, 265)
(266, 266)
(267, 267)
(268, 268)
(269, 269)
(270, 270)
(271, 271)
(272, 272)
(273, 273)
(274, 274)
(275, 275)
(276, 276)
(277, 277)
(278, 278)
(279, 279)
(280, 280)
(281, 281)
(282, 282)
(283, 283)
(284, 284)
(285, 285)
(286, 286)
(287, 287)
(288, 288)
(289, 289)
(290, 290)
(291, 291)
(292, 292)
(293, 293)
(294, 294)
(295, 295)
(296, 296)
(297, 297)
(298, 298)
(299, 299)
(300, 300)
(301, 301)
(302, 302)
(303, 303)
(304, 304)
(305, 305)
(306, 306)
(307, 307)
(308, 308)
(309, 309)
(310, 310)
(311, 311)
(312, 312)
(313, 313)
(314, 314)
(315, 315)
(316, 316)
(317, 317)
(318, 318)
(319, 319)
(320, 320)
(321, 321)
(322, 322)
(323, 323)
(324, 324)
(325, 325)
(326, 326)
(327, 327)
(328, 328)
(329, 329)
(330, 330)
(331, 331)
(332, 332)
(333, 333)
(334, 334)
(335, 335)
(336, 336)
(337, 337)
(338, 338)
(339, 339)
(340, 340)
(341, 341)
(342, 342)
(343, 343)
(344, 344)
(345, 345)
(346, 346)
(347, 347)
(348, 348)
(349, 349)
(350, 350)
(351, 351)
(352, 352)
(353, 353)
(354, 354)
(355, 355)
(356, 356)
(357, 357)
(358, 358)
(359, 359)
(360, 360)
(361, 361)
(362, 362)
(363, 363)
(364, 364)
(365, 365)
(366, 366)
(367, 367)
(368, 368)
(369, 369)
(370, 370)
(371, 371)
(372, 372)
(373, 373)
(374, 374)
(375, 375)
(376, 376)
(377, 377)
(378, 378)
(379, 379)
(380, 380)
(381, 381)
(382, 382)
(383, 383)
(384, 384)
(385, 385)
(386, 386)
(387, 387)
(388, 388)
(389, 389)
(390, 390)
(391, 3394)
(391, 391)
(392, 392)
(392, 3395)
(392, 3396)
(393, 3396)
(393, 3397)
(393, 393)
(393, 2446)
(393, 2447)
(394, 2448)
(394, 3397)
(394, 3398)
(394, 394)
(394, 2447)
(395, 2448)
(395, 2449)
(395, 3399)
(395, 3400)
(395, 395)
(396, 2449)
(396, 2450)
(396, 3400)
(396, 3401)
(396, 396)
(397, 3401)
(397, 3402)
(397, 397)
(397, 2450)
(398, 3403)
(398, 2451)
(398, 398)
(399, 2452)
(399, 3404)
(399, 399)
(400, 400)
(400, 3405)
(400, 2453)
(401, 401)
(401, 2454)
(401, 3406)
(401, 3407)
(402, 3408)
(402, 402)
(402, 2454)
(402, 2455)
(402, 3407)
(403, 3408)
(403, 3409)
(403, 403)
(403, 2455)
(403, 2456)
(404, 2456)
(404, 3409)
(404, 3410)
(404, 404)
(405, 2457)
(405, 3410)
(405, 3411)
(405, 405)
(406, 2457)
(406, 2458)
(406, 3411)
(406, 406)
(407, 2458)
(407, 3412)
(407, 407)
(408, 408)
(408, 2459)
(408, 3413)
(409, 409)
(409, 2459)
(409, 2460)
(409, 3414)
(410, 410)
(410, 411)
(410, 2460)
(410, 3415)
(411, 3416)
(411, 411)
(411, 412)
(411, 2461)
(412, 3417)
(412, 412)
(412, 413)
(412, 2461)
(413, 3417)
(413, 3418)
(413, 413)
(413, 414)
(414, 3418)
(414, 3419)
(414, 414)
(414, 415)
(415, 416)
(415, 3419)
(415, 3420)
(415, 415)
(416, 416)
(416, 417)
(416, 3420)
(416, 3421)
(417, 417)
(417, 418)
(417, 3421)
(417, 3422)
(418, 418)
(418, 419)
(418, 3422)
(418, 3423)
(419, 3424)
(419, 419)
(419, 420)
(419, 3423)
(420, 3424)
(420, 3425)
(420, 420)
(420, 421)
(421, 3425)
(421, 3426)
(421, 421)
(421, 422)
(422, 3426)
(422, 422)
(422, 423)
(423, 3426)
(423, 3427)
(423, 423)
(423, 424)
(424, 3427)
(424, 3428)
(424, 424)
(424, 425)
(425, 3428)
(425, 3429)
(425, 425)
(425, 426)
(426, 3429)
(426, 3430)
(426, 426)
(426, 427)
(427, 3430)
(427, 3431)
(427, 427)
(427, 428)
(428, 3431)
(428, 3432)
(428, 428)
(428, 429)
(429, 3432)
(429, 429)
(429, 430)
(430, 430)
(430, 431)
(431, 432)
(431, 431)
(432, 432)
(432, 433)
(433, 433)
(433, 434)
(434, 434)
(434, 435)
(435, 435)
(435, 436)
(436, 436)
(437, 437)
(438, 438)
(439, 439)
(440, 440)
(441, 441)
(442, 442)
(443, 443)
(444, 444)
(445, 445)
(446, 446)
(447, 447)
(448, 448)
(449, 449)
(450, 450)
(451, 451)
(452, 452)
(453, 453)
(454, 454)
(455, 455)
(456, 456)
(457, 457)
(458, 458)
(459, 459)
(460, 460)
(461, 461)
(462, 462)
(463, 463)
(464, 464)
(465, 465)
(466, 466)
(467, 467)
(468, 468)
(469, 469)
(470, 470)
(471, 471)
(472, 472)
(473, 473)
(474, 474)
(475, 475)
(476, 476)
(477, 477)
(478, 478)
(479, 479)
(480, 480)
(481, 481)
(482, 482)
(483, 483)
(484, 484)
(485, 485)
(486, 486)
(487, 487)
(488, 488)
(489, 489)
(490, 490)
(491, 491)
(492, 492)
(493, 493)
(494, 494)
(495, 495)
(496, 496)
(497, 497)
(498, 498)
(499, 499)
(500, 500)
(501, 501)
(502, 502)
(503, 503)
(504, 504)
(505, 505)
(506, 506)
(507, 507)
(508, 508)
(509, 509)
(510, 510)
(511, 511)
(512, 512)
(513, 513)
(514, 514)
(515, 515)
(516, 516)
(517, 517)
(517, 518)
(518, 518)
(518, 519)
(519, 520)
(519, 3509)
(519, 519)
(520, 520)
(520, 521)
(521, 521)
(521, 522)
(521, 3510)
(522, 522)
(522, 523)
(522, 3511)
(523, 3512)
(523, 523)
(523, 524)
(524, 3512)
(524, 3513)
(524, 524)
(524, 525)
(525, 3513)
(525, 525)
(525, 526)
(526, 3514)
(526, 526)
(526, 527)
(527, 528)
(527, 3514)
(527, 3515)
(527, 527)
(528, 528)
(528, 529)
(528, 3515)
(528, 3516)
(529, 529)
(529, 530)
(529, 3516)
(529, 3517)
(530, 530)
(530, 531)
(530, 532)
(530, 3516)
(530, 3517)
(531, 531)
(531, 532)
(531, 533)
(531, 3517)
(531, 3518)
(532, 532)
(532, 533)
(532, 534)
(532, 3517)
(532, 3518)
(532, 3519)
(533, 3520)
(533, 533)
(533, 534)
(533, 535)
(533, 536)
(533, 3518)
(533, 3519)
(534, 3520)
(534, 534)
(534, 535)
(534, 536)
(534, 537)
(534, 538)
(534, 3518)
(534, 3519)
(535, 3520)
(535, 3521)
(535, 535)
(535, 536)
(535, 537)
(535, 538)
(535, 539)
(535, 540)
(535, 541)
(535, 542)
(535, 3519)
(536, 3520)
(536, 3521)
(536, 536)
(536, 537)
(536, 538)
(536, 539)
(536, 540)
(536, 541)
(536, 542)
(536, 543)
(536, 544)
(536, 545)
(536, 546)
(536, 547)
(536, 548)
(536, 549)
(536, 550)
(536, 551)
(536, 552)
(536, 553)
(536, 554)
(536, 555)
(536, 556)
(536, 557)
(536, 3519)
(537, 3520)
(537, 3521)
(537, 537)
(537, 538)
(537, 539)
(537, 540)
(537, 541)
(537, 542)
(537, 543)
(537, 544)
(537, 545)
(537, 546)
(537, 547)
(537, 548)
(537, 549)
(537, 550)
(537, 551)
(537, 552)
(537, 553)
(537, 554)
(537, 555)
(537, 556)
(537, 557)
(537, 558)
(537, 559)
(537, 3519)
(538, 3520)
(538, 3521)
(538, 3522)
(538, 538)
(538, 539)
(538, 540)
(538, 541)
(538, 542)
(538, 543)
(538, 544)
(538, 545)
(538, 546)
(538, 547)
(538, 548)
(538, 549)
(538, 550)
(538, 551)
(538, 552)
(538, 553)
(538, 554)
(538, 555)
(538, 556)
(538, 557)
(538, 558)
(538, 559)
(538, 560)
(539, 3520)
(539, 3521)
(539, 3522)
(539, 539)
(539, 540)
(539, 541)
(539, 542)
(539, 543)
(539, 544)
(539, 545)
(539, 546)
(539, 547)
(539, 548)
(539, 549)
(539, 550)
(539, 551)
(539, 552)
(539, 553)
(539, 554)
(539, 555)
(539, 556)
(539, 557)
(539, 558)
(539, 559)
(539, 560)
(539, 561)
(540, 3520)
(540, 3521)
(540, 3522)
(540, 540)
(540, 541)
(540, 542)
(540, 543)
(540, 544)
(540, 545)
(540, 546)
(540, 547)
(540, 548)
(540, 549)
(540, 550)
(540, 551)
(540, 552)
(540, 553)
(540, 554)
(540, 555)
(540, 556)
(540, 557)
(540, 558)
(540, 559)
(540, 560)
(540, 561)
(540, 562)
(541, 3520)
(541, 3521)
(541, 3522)
(541, 541)
(541, 542)
(541, 543)
(541, 544)
(541, 545)
(541, 546)
(541, 547)
(541, 548)
(541, 549)
(541, 550)
(541, 551)
(541, 552)
(541, 553)
(541, 554)
(541, 555)
(541, 556)
(541, 557)
(541, 558)
(541, 559)
(541, 560)
(541, 561)
(541, 562)
(542, 542)
(542, 543)
(542, 544)
(542, 545)
(542, 546)
(542, 547)
(542, 548)
(542, 549)
(542, 550)
(542, 551)
(542, 552)
(542, 553)
(542, 554)
(542, 555)
(542, 556)
(542, 557)
(542, 558)
(542, 559)
(542, 560)
(542, 561)
(542, 562)
(542, 3520)
(542, 3521)
(542, 3522)
(542, 3523)
(543, 3520)
(543, 3521)
(543, 3522)
(543, 3523)
(543, 543)
(543, 544)
(543, 545)
(543, 546)
(543, 547)
(543, 548)
(543, 549)
(543, 550)
(543, 551)
(543, 552)
(543, 553)
(543, 554)
(543, 555)
(543, 556)
(543, 557)
(543, 558)
(543, 559)
(543, 560)
(543, 561)
(543, 562)
(544, 3520)
(544, 3521)
(544, 3522)
(544, 3523)
(544, 544)
(544, 545)
(544, 546)
(544, 547)
(544, 548)
(544, 549)
(544, 550)
(544, 551)
(544, 552)
(544, 553)
(544, 554)
(544, 555)
(544, 556)
(544, 557)
(544, 558)
(544, 559)
(544, 560)
(544, 561)
(544, 562)
(545, 3520)
(545, 3521)
(545, 3522)
(545, 3523)
(545, 545)
(545, 546)
(545, 547)
(545, 548)
(545, 549)
(545, 550)
(545, 551)
(545, 552)
(545, 553)
(545, 554)
(545, 555)
(545, 556)
(545, 557)
(545, 558)
(545, 559)
(545, 560)
(545, 561)
(545, 562)
(546, 3520)
(546, 3521)
(546, 3522)
(546, 3523)
(546, 546)
(546, 547)
(546, 548)
(546, 549)
(546, 550)
(546, 551)
(546, 552)
(546, 553)
(546, 554)
(546, 555)
(546, 556)
(546, 557)
(546, 558)
(546, 559)
(546, 560)
(546, 561)
(546, 562)
(547, 3520)
(547, 3521)
(547, 3522)
(547, 3523)
(547, 547)
(547, 548)
(547, 549)
(547, 550)
(547, 551)
(547, 552)
(547, 553)
(547, 554)
(547, 555)
(547, 556)
(547, 557)
(547, 558)
(547, 559)
(547, 560)
(547, 561)
(547, 562)
(548, 3520)
(548, 3521)
(548, 3522)
(548, 3523)
(548, 548)
(548, 549)
(548, 550)
(548, 551)
(548, 552)
(548, 553)
(548, 554)
(548, 555)
(548, 556)
(548, 557)
(548, 558)
(548, 559)
(548, 560)
(548, 561)
(548, 562)
(549, 3520)
(549, 3521)
(549, 3522)
(549, 3523)
(549, 549)
(549, 550)
(549, 551)
(549, 552)
(549, 553)
(549, 554)
(549, 555)
(549, 556)
(549, 557)
(549, 558)
(549, 559)
(549, 560)
(549, 561)
(549, 562)
(550, 3520)
(550, 3521)
(550, 3522)
(550, 3523)
(550, 550)
(550, 551)
(550, 552)
(550, 553)
(550, 554)
(550, 555)
(550, 556)
(550, 557)
(550, 558)
(550, 559)
(550, 560)
(550, 561)
(550, 562)
(551, 3520)
(551, 3521)
(551, 3522)
(551, 3523)
(551, 551)
(551, 552)
(551, 553)
(551, 554)
(551, 555)
(551, 556)
(551, 557)
(551, 558)
(551, 559)
(551, 560)
(551, 561)
(551, 562)
(552, 3520)
(552, 3521)
(552, 3522)
(552, 3523)
(552, 552)
(552, 553)
(552, 554)
(552, 555)
(552, 556)
(552, 557)
(552, 558)
(552, 559)
(552, 560)
(552, 561)
(552, 562)
(553, 3520)
(553, 3521)
(553, 3522)
(553, 3523)
(553, 553)
(553, 554)
(553, 555)
(553, 556)
(553, 557)
(553, 558)
(553, 559)
(553, 560)
(553, 561)
(553, 562)
(554, 554)
(554, 555)
(554, 556)
(554, 557)
(554, 558)
(554, 559)
(554, 560)
(554, 561)
(554, 562)
(554, 563)
(554, 3520)
(554, 3521)
(554, 3522)
(554, 3523)
(555, 555)
(555, 556)
(555, 557)
(555, 558)
(555, 559)
(555, 560)
(555, 561)
(555, 562)
(555, 563)
(555, 3520)
(555, 3521)
(555, 3522)
(555, 3523)
(556, 556)
(556, 557)
(556, 558)
(556, 559)
(556, 560)
(556, 561)
(556, 562)
(556, 563)
(556, 3520)
(556, 3521)
(556, 3522)
(556, 3523)
(557, 3521)
(557, 3522)
(557, 3523)
(557, 557)
(557, 558)
(557, 559)
(557, 560)
(557, 561)
(557, 562)
(557, 563)
(558, 3521)
(558, 3522)
(558, 3523)
(558, 558)
(558, 559)
(558, 560)
(558, 561)
(558, 562)
(558, 563)
(559, 3521)
(559, 3522)
(559, 3523)
(559, 559)
(559, 560)
(559, 561)
(559, 562)
(559, 563)
(559, 564)
(560, 3521)
(560, 3522)
(560, 3523)
(560, 3524)
(560, 560)
(560, 561)
(560, 562)
(560, 563)
(560, 564)
(561, 3521)
(561, 3522)
(561, 3523)
(561, 3524)
(561, 561)
(561, 562)
(561, 563)
(561, 564)
(562, 3522)
(562, 3523)
(562, 3524)
(562, 562)
(562, 563)
(562, 564)
(562, 565)
(563, 3522)
(563, 3523)
(563, 3524)
(563, 3525)
(563, 563)
(563, 564)
(563, 565)
(563, 566)
(564, 3523)
(564, 3524)
(564, 3525)
(564, 3526)
(564, 564)
(564, 565)
(564, 566)
(565, 3523)
(565, 3524)
(565, 3525)
(565, 3526)
(565, 565)
(565, 566)
(565, 567)
(566, 3524)
(566, 3525)
(566, 3526)
(566, 3527)
(566, 566)
(566, 567)
(566, 568)
(567, 3525)
(567, 3526)
(567, 3527)
(567, 3528)
(567, 567)
(567, 568)
(567, 569)
(568, 3526)
(568, 3527)
(568, 3528)
(568, 3529)
(568, 568)
(568, 569)
(568, 570)
(569, 3527)
(569, 3528)
(569, 3529)
(569, 3530)
(569, 569)
(569, 570)
(569, 571)
(570, 3528)
(570, 3529)
(570, 3530)
(570, 3531)
(570, 570)
(570, 571)
(571, 3529)
(571, 3530)
(571, 3531)
(571, 3532)
(571, 571)
(571, 572)
(572, 573)
(572, 3530)
(572, 3531)
(572, 3532)
(572, 3533)
(572, 572)
(573, 573)
(573, 574)
(573, 3531)
(573, 3532)
(573, 3533)
(573, 3534)
(574, 575)
(574, 574)
(574, 3532)
(574, 3533)
(574, 3534)
(574, 3535)
(575, 576)
(575, 3536)
(575, 575)
(575, 3533)
(575, 3534)
(575, 3535)
(576, 576)
(576, 577)
(576, 3536)
(576, 3537)
(576, 3535)
(577, 577)
(577, 578)
(577, 3536)
(577, 3537)
(577, 3538)
(578, 578)
(578, 579)
(578, 3537)
(578, 3538)
(578, 3539)
(579, 579)
(579, 580)
(579, 3538)
(579, 3539)
(579, 3540)
(580, 580)
(580, 581)
(580, 3539)
(580, 3540)
(580, 3541)
(581, 581)
(581, 582)
(581, 3540)
(581, 3541)
(581, 3542)
(582, 3543)
(582, 582)
(582, 583)
(582, 3541)
(582, 3542)
(583, 3543)
(583, 3544)
(583, 583)
(583, 584)
(583, 3542)
(584, 3543)
(584, 3544)
(584, 584)
(584, 585)
(585, 3544)
(585, 585)
(585, 586)
(585, 3545)
(586, 3546)
(586, 586)
(586, 587)
(586, 3545)
(587, 3546)
(587, 3547)
(587, 587)
(587, 588)
(588, 3547)
(588, 3548)
(588, 588)
(588, 589)
(589, 3549)
(589, 3548)
(589, 589)
(589, 590)
(590, 3549)
(590, 3550)
(590, 590)
(590, 591)
(591, 592)
(591, 3550)
(591, 3551)
(591, 591)
(592, 592)
(592, 3551)
(592, 3552)
(593, 3552)
(593, 593)
(593, 3553)
(594, 3553)
(594, 594)
(595, 3554)
(595, 595)
(596, 3555)
(596, 596)
(597, 3556)
(597, 597)
(598, 3557)
(598, 598)
(599, 3558)
(599, 599)
(600, 600)
(600, 3559)
(601, 3560)
(601, 601)
(602, 3561)
(602, 602)
(603, 3561)
(603, 3562)
(603, 603)
(604, 3562)
(604, 604)
(605, 3563)
(605, 605)
(606, 3564)
(606, 606)
(607, 3565)
(607, 607)
(608, 608)
(608, 3566)
(609, 609)
(609, 3567)
(610, 3568)
(610, 610)
(611, 3569)
(611, 611)
(612, 3570)
(612, 612)
(613, 613)
(614, 3571)
(614, 614)
(615, 3572)
(615, 615)
(616, 616)
(616, 3573)
(617, 617)
(617, 3574)
(618, 618)
(618, 3575)
(619, 3576)
(619, 619)
(620, 620)
(621, 621)
(622, 3578)
(622, 622)
(623, 3579)
(623, 623)
(624, 624)
(624, 3580)
(625, 625)
(625, 3581)
(626, 626)
(626, 3582)
(627, 627)
(628, 628)
(629, 3584)
(629, 629)
(630, 3585)
(630, 630)
(631, 3586)
(631, 631)
(632, 632)
(632, 3587)
(633, 633)
(633, 3588)
(634, 634)
(635, 635)
(636, 636)
(636, 3590)
(637, 637)
(637, 3591)
(638, 3592)
(638, 638)
(639, 3593)
(639, 639)
(640, 640)
(640, 3594)
(641, 641)
(642, 642)
(643, 643)
(643, 3596)
(644, 644)
(644, 3597)
(645, 645)
(645, 3598)
(646, 646)
(646, 3599)
(647, 647)
(648, 648)
(649, 649)
(649, 3601)
(650, 650)
(650, 3602)
(651, 3603)
(651, 651)
(652, 652)
(652, 3604)
(653, 653)
(654, 3605)
(654, 654)
(655, 3606)
(655, 655)
(656, 656)
(656, 3607)
(657, 3608)
(657, 657)
(658, 658)
(659, 3609)
(659, 659)
(660, 3610)
(660, 660)
(661, 3611)
(661, 661)
(662, 3612)
(662, 662)
(663, 663)
(664, 664)
(665, 665)
(665, 3614)
(666, 666)
(666, 3615)
(667, 3616)
(667, 667)
(668, 3617)
(668, 668)
(669, 669)
(670, 3618)
(670, 670)
(671, 3619)
(671, 671)
(672, 672)
(672, 3620)
(673, 673)
(673, 3621)
(674, 674)
(674, 3622)
(675, 675)
(676, 676)
(676, 3623)
(677, 3624)
(677, 677)
(678, 3625)
(678, 678)
(679, 3626)
(679, 679)
(680, 680)
(680, 3627)
(681, 681)
(681, 3628)
(682, 682)
(683, 683)
(683, 3629)
(684, 684)
(684, 3630)
(685, 685)
(685, 3631)
(686, 3632)
(686, 686)
(687, 3633)
(687, 687)
(688, 688)
(688, 3634)
(689, 689)
(690, 690)
(690, 3635)
(691, 691)
(691, 3636)
(692, 692)
(692, 3637)
(693, 693)
(693, 3638)
(694, 694)
(694, 3639)
(695, 3640)
(695, 695)
(696, 696)
(697, 3641)
(697, 697)
(698, 698)
(698, 3642)
(699, 3643)
(699, 699)
(700, 700)
(700, 3644)
(701, 3645)
(701, 701)
(702, 702)
(702, 3646)
(703, 703)
(703, 3647)
(704, 704)
(705, 3648)
(705, 705)
(706, 3649)
(706, 706)
(707, 3650)
(707, 707)
(708, 3651)
(708, 708)
(709, 3652)
(709, 709)
(710, 710)
(711, 3653)
(711, 711)
(712, 712)
(712, 3654)
(713, 713)
(713, 3655)
(714, 3656)
(714, 714)
(715, 715)
(716, 3657)
(716, 716)
(717, 3658)
(717, 717)
(718, 3659)
(718, 718)
(719, 719)
(720, 720)
(721, 721)
(721, 722)
(721, 3661)
(722, 722)
(722, 723)
(723, 723)
(723, 724)
(724, 724)
(724, 725)
(725, 725)
(725, 726)
(726, 726)
(726, 727)
(727, 728)
(727, 727)
(728, 728)
(728, 729)
(729, 729)
(729, 730)
(730, 730)
(730, 731)
(731, 731)
(731, 732)
(732, 732)
(732, 733)
(733, 733)
(733, 734)
(734, 734)
(734, 735)
(735, 736)
(735, 735)
(736, 736)
(736, 737)
(737, 737)
(737, 738)
(738, 738)
(738, 739)
(739, 739)
(739, 740)
(740, 740)
(740, 741)
(741, 741)
(741, 742)
(742, 742)
(742, 743)
(743, 743)
(744, 744)
(745, 745)
(745, 746)
(746, 746)
(747, 747)
(748, 748)
(749, 749)
(750, 750)
(751, 751)
(752, 752)
(753, 753)
(754, 754)
(755, 755)
(756, 756)
(757, 757)
(758, 758)
(759, 759)
(760, 760)
(761, 761)
(762, 762)
(763, 763)
(764, 764)
(765, 765)
(766, 766)
(767, 767)
(768, 768)
(769, 769)
(770, 770)
(771, 771)
(772, 772)
(773, 773)
(774, 774)
(775, 775)
(776, 776)
(777, 777)
(778, 778)
(779, 779)
(780, 780)
(781, 781)
(782, 3720)
(782, 782)
(783, 3721)
(783, 783)
(784, 784)
(784, 3722)
(785, 785)
(785, 3723)
(786, 786)
(786, 3724)
(787, 787)
(788, 788)
(789, 789)
(789, 3726)
(790, 790)
(790, 3727)
(791, 3728)
(791, 791)
(792, 792)
(792, 3729)
(793, 793)
(794, 794)
(795, 795)
(795, 3731)
(796, 3732)
(796, 796)
(797, 797)
(797, 3733)
(798, 3734)
(798, 798)
(799, 799)
(800, 800)
(801, 3736)
(801, 801)
(802, 3737)
(802, 802)
(803, 3738)
(803, 803)
(804, 804)
(805, 805)
(806, 806)
(807, 807)
(808, 808)
(808, 3742)
(809, 809)
(810, 810)
(811, 811)
(812, 812)
(813, 3746)
(813, 813)
(814, 3747)
(814, 814)
(815, 815)
(816, 816)
(817, 817)
(818, 818)
(818, 3750)
(819, 819)
(819, 3751)
(820, 3752)
(820, 820)
(821, 3753)
(821, 821)
(822, 822)
(823, 3754)
(823, 823)
(824, 824)
(824, 3755)
(825, 825)
(825, 3756)
(826, 826)
(826, 3757)
(827, 827)
(827, 3758)
(828, 828)
(828, 3758)
(829, 829)
(829, 3759)
(830, 3760)
(830, 830)
(831, 3761)
(831, 831)
(832, 832)
(832, 3761)
(833, 833)
(833, 3762)
(834, 834)
(834, 3763)
(835, 835)
(835, 3763)
(836, 3764)
(836, 836)
(837, 837)
(837, 3765)
(838, 3765)
(838, 838)
(839, 3766)
(839, 839)
(840, 840)
(840, 3767)
(841, 841)
(842, 3768)
(842, 842)
(843, 3769)
(843, 843)
(844, 844)
(845, 3770)
(845, 845)
(846, 3771)
(846, 846)
(847, 3772)
(847, 847)
(848, 848)
(848, 3772)
(849, 849)
(849, 3773)
(850, 850)
(850, 3774)
(851, 851)
(851, 3774)
(852, 852)
(852, 3775)
(853, 3776)
(853, 853)
(854, 854)
(855, 3777)
(855, 855)
(856, 856)
(856, 3778)
(857, 857)
(857, 3779)
(858, 858)
(859, 859)
(859, 3780)
(860, 860)
(860, 3781)
(861, 861)
(861, 3782)
(862, 862)
(863, 3783)
(863, 863)
(864, 864)
(864, 3784)
(865, 865)
(865, 3785)
(866, 866)
(867, 867)
(868, 868)
(869, 3788)
(869, 869)
(870, 3789)
(870, 870)
(871, 871)
(872, 872)
(873, 873)
(874, 3792)
(874, 874)
(875, 3793)
(875, 875)
(876, 876)
(877, 877)
(878, 878)
(879, 879)
(880, 880)
(880, 3797)
(881, 881)
(881, 3798)
(882, 882)
(883, 883)
(884, 884)
(885, 885)
(886, 886)
(887, 887)
(888, 888)
(889, 889)
(890, 890)
(891, 891)
(892, 892)
(893, 893)
(894, 894)
(895, 895)
(896, 896)
(897, 897)
(898, 898)
(899, 899)
(899, 3813)
(900, 900)
(900, 3814)
(901, 901)
(902, 902)
(903, 903)
(904, 904)
(905, 905)
(905, 3818)
(906, 906)
(906, 3819)
(907, 907)
(908, 908)
(909, 909)
(910, 910)
(911, 911)
(911, 3823)
(912, 3824)
(912, 912)
(913, 913)
(914, 914)
(915, 915)
(916, 3827)
(916, 916)
(917, 3828)
(917, 917)
(918, 3829)
(918, 918)
(919, 919)
(920, 920)
(921, 921)
(921, 3831)
(922, 3832)
(922, 922)
(923, 3833)
(923, 923)
(924, 3833)
(924, 924)
(925, 3834)
(925, 925)
(926, 3835)
(926, 926)
(927, 927)
(928, 928)
(928, 3836)
(929, 929)
(929, 3837)
(930, 930)
(930, 3837)
(931, 931)
(931, 3838)
(932, 932)
(932, 3839)
(933, 933)
(933, 3839)
(934, 3840)
(934, 934)
(935, 3840)
(935, 935)
(936, 936)
(936, 3841)
(937, 937)
(937, 3841)
(938, 938)
(938, 3842)
(939, 3842)
(939, 939)
(940, 3843)
(940, 940)
(941, 3843)
(941, 941)
(942, 3844)
(942, 942)
(943, 943)
(944, 944)
(945, 945)
(946, 946)
(947, 947)
(948, 948)
(949, 949)
(950, 950)
(951, 951)
(952, 952)
(953, 953)
(954, 954)
(955, 955)
(956, 956)
(957, 957)
(958, 958)
(959, 959)
(960, 960)
(961, 961)
(962, 962)
(963, 963)
(964, 964)
(965, 965)
(966, 966)
(967, 967)
(968, 968)
(969, 969)
(970, 970)
(971, 971)
(972, 972)
(973, 973)
(974, 974)
(975, 975)
(976, 976)
(977, 977)
(978, 978)
(979, 979)
(980, 980)
(981, 981)
(982, 982)
(983, 983)
(984, 984)
(985, 985)
(986, 986)
(987, 987)
(988, 988)
(989, 989)
(990, 990)
(991, 991)
(992, 992)
(993, 993)
(994, 994)
(995, 995)
(996, 996)
(997, 997)
(998, 998)
(999, 999)
(1000, 1000)
(1001, 1001)
(1002, 1002)
(1003, 1003)
(1004, 1004)
(1005, 1005)
(1006, 1006)
(1007, 1007)
(1008, 1008)
(1009, 1009)
(1010, 1010)
(1011, 1011)
(1012, 1012)
(1013, 1013)
(1014, 1014)
(1015, 1015)
(1016, 1016)
(1017, 1017)
(1018, 1018)
(1019, 1019)
(1020, 1020)
(1021, 1021)
(1022, 1022)
(1023, 1023)
(1024, 1024)
(1025, 1025)
(1026, 1026)
(1027, 1027)
(1028, 1028)
(1029, 1029)
(1030, 1030)
(1031, 1031)
(1032, 1032)
(1033, 1033)
(1034, 1034)
(1035, 1035)
(1036, 1036)
(1037, 1037)
(1038, 1038)
(1039, 1039)
(1040, 1040)
(1041, 1041)
(1042, 1042)
(1043, 1043)
(1044, 1044)
(1045, 1045)
(1046, 1046)
(1047, 1047)
(1048, 1048)
(1049, 1049)
(1050, 1050)
(1051, 1051)
(1052, 1052)
(1053, 1053)
(1054, 1054)
(1055, 1055)
(1056, 1056)
(1057, 1057)
(1058, 1058)
(1059, 1059)
(1060, 1060)
(1061, 1061)
(1062, 1062)
(1063, 1063)
(1064, 1064)
(1065, 1065)
(1066, 1066)
(1067, 1067)
(1068, 1068)
(1069, 1069)
(1070, 1070)
(1071, 1071)
(1072, 1072)
(1073, 1073)
(1074, 1074)
(1075, 1075)
(1076, 1076)
(1077, 1077)
(1078, 1078)
(1079, 1079)
(1080, 1080)
(1081, 1081)
(1082, 1082)
(1083, 1083)
(1084, 1084)
(1085, 1085)
(1086, 1086)
(1087, 1087)
(1088, 1088)
(1089, 1089)
(1090, 1090)
(1091, 1091)
(1092, 1092)
(1093, 1093)
(1094, 1094)
(1095, 1095)
(1096, 1096)
(1097, 1097)
(1098, 1098)
(1099, 1099)
(1100, 1100)
(1101, 1101)
(1102, 1102)
(1103, 1103)
(1104, 1104)
(1105, 1105)
(1106, 1106)
(1107, 1107)
(1108, 1108)
(1109, 1109)
(1110, 1110)
(1111, 1111)
(1112, 1112)
(1112, 1113)
(1113, 1113)
(1113, 1114)
(1114, 1114)
(1114, 1115)
(1115, 1115)
(1115, 1116)
(1116, 1116)
(1116, 1117)
(1117, 1117)
(1117, 1118)
(1118, 1118)
(1118, 1119)
(1119, 1120)
(1119, 1119)
(1120, 1120)
(1120, 1121)
(1121, 1121)
(1121, 1122)
(1122, 1122)
(1122, 1123)
(1123, 1123)
(1123, 1124)
(1124, 1124)
(1124, 1125)
(1125, 1125)
(1125, 1126)
(1126, 1126)
(1126, 1127)
(1127, 1128)
(1127, 1127)
(1128, 1128)
(1128, 1129)
(1129, 1129)
(1129, 1130)
(1130, 1130)
(1130, 1131)
(1131, 1131)
(1132, 1132)
(1133, 1133)
(1134, 1134)
(1135, 1135)
(1136, 1136)
(1137, 1137)
(1138, 1138)
(1139, 1139)
(1140, 1140)
(1141, 1141)
(1142, 1142)
(1143, 1143)
(1144, 1144)
(1145, 1145)
(1146, 1146)
(1147, 1147)
(1148, 1148)
(1149, 1149)
(1150, 1150)
(1151, 1151)
(1152, 1152)
(1153, 1153)
(1154, 1154)
(1155, 1155)
(1156, 1156)
(1157, 1157)
(1158, 1158)
(1159, 1159)
(1160, 1160)
(1161, 1161)
(1162, 1162)
(1163, 1163)
(1164, 1164)
(1165, 1165)
(1166, 1166)
(1167, 1167)
(1168, 1168)
(1169, 1169)
(1170, 1170)
(1171, 1171)
(1172, 1172)
(1173, 1173)
(1174, 1174)
(1175, 1175)
(1176, 1176)
(1177, 1177)
(1178, 1178)
(1179, 1179)
(1180, 1180)
(1181, 1181)
(1182, 1182)
(1183, 1183)
(1184, 1184)
(1185, 1185)
(1186, 1186)
(1187, 1187)
(1188, 1188)
(1189, 1189)
(1190, 1190)
(1191, 1191)
(1192, 1192)
(1193, 1193)
(1194, 1194)
(1195, 1195)
(1196, 1196)
(1197, 1197)
(1198, 1198)
(1199, 1199)
(1200, 1200)
(1201, 1201)
(1202, 1202)
(1203, 1203)
(1204, 1204)
(1205, 1205)
(1206, 1206)
(1207, 1207)
(1208, 1208)
(1209, 1209)
(1210, 1210)
(1211, 1211)
(1212, 1212)
(1213, 1213)
(1214, 1214)
(1215, 1215)
(1216, 1216)
(1217, 1217)
(1218, 1218)
(1219, 1219)
(1220, 1220)
(1221, 1221)
(1222, 1222)
(1223, 1223)
(1224, 1224)
(1225, 1225)
(1226, 1226)
(1227, 1227)
(1228, 1228)
(1229, 1229)
(1230, 1230)
(1231, 1231)
(1232, 1232)
(1233, 1233)
(1234, 1234)
(1235, 1235)
(1236, 1236)
(1237, 1237)
(1238, 1238)
(1239, 1239)
(1240, 1240)
(1241, 1241)
(1242, 1242)
(1243, 1243)
(1244, 1244)
(1245, 1245)
(1246, 1246)
(1247, 1247)
(1248, 1248)
(1249, 1249)
(1250, 1250)
(1251, 1251)
(1252, 1252)
(1253, 1253)
(1254, 1254)
(1255, 1256)
(1255, 1255)
(1256, 1256)
(1256, 1257)
(1257, 1257)
(1257, 1258)
(1258, 1258)
(1258, 1259)
(1259, 1259)
(1259, 1260)
(1260, 1260)
(1260, 1261)
(1261, 1261)
(1261, 1262)
(1262, 1262)
(1262, 1263)
(1263, 1264)
(1263, 1263)
(1264, 1264)
(1264, 1265)
(1265, 1265)
(1265, 1266)
(1266, 1266)
(1266, 1267)
(1267, 1267)
(1267, 1268)
(1268, 1268)
(1268, 1269)
(1269, 1269)
(1269, 1270)
(1270, 1270)
(1270, 1271)
(1271, 1272)
(1271, 1271)
(1272, 1272)
(1272, 1273)
(1273, 1273)
(1273, 1274)
(1274, 1274)
(1274, 1275)
(1275, 1275)
(1275, 1276)
(1276, 1276)
(1276, 1277)
(1277, 1277)
(1277, 1278)
(1278, 1278)
(1278, 1279)
(1279, 1280)
(1279, 1279)
(1280, 1280)
(1280, 1281)
(1281, 1281)
(1281, 1282)
(1282, 1282)
(1282, 1283)
(1283, 1283)
(1283, 1284)
(1284, 1284)
(1284, 1285)
(1285, 1285)
(1286, 1286)
(1287, 1287)
(1288, 1288)
(1289, 1289)
(1290, 1290)
(1291, 1291)
(1292, 1292)
(1293, 1293)
(1294, 1294)
(1295, 1295)
(1296, 1296)
(1297, 1297)
(1298, 1298)
(1299, 1299)
(1300, 1300)
(1301, 1301)
(1302, 1302)
(1303, 1303)
(1304, 1304)
(1305, 1305)
(1306, 1306)
(1307, 1307)
(1308, 1308)
(1309, 1309)
(1310, 1310)
(1311, 1311)
(1312, 1312)
(1313, 1313)
(1314, 1314)
(1315, 1315)
(1316, 1316)
(1317, 1317)
(1318, 1318)
(1319, 1319)
(1320, 1320)
(1321, 1321)
(1322, 1322)
(1323, 1323)
(1324, 1324)
(1325, 1325)
(1326, 1326)
(1327, 1327)
(1328, 1328)
(1329, 1329)
(1330, 1330)
(1331, 1331)
(1332, 1332)
(1333, 1333)
(1334, 1334)
(1335, 1335)
(1336, 1336)
(1337, 1337)
(1338, 1338)
(1339, 1339)
(1340, 1340)
(1341, 1341)
(1342, 1342)
(1343, 1343)
(1344, 1344)
(1345, 1345)
(1346, 1346)
(1347, 1347)
(1348, 1348)
(1349, 1349)
(1350, 1350)
(1351, 1351)
(1352, 1352)
(1353, 1353)
(1354, 1354)
(1355, 1355)
(1356, 1356)
(1357, 1357)
(1358, 1358)
(1359, 1359)
(1360, 1360)
(1361, 1361)
(1362, 1362)
(1363, 1363)
(1364, 1364)
(1365, 1365)
(1366, 1366)
(1367, 1367)
(1368, 1368)
(1368, 1369)
(1369, 1369)
(1369, 1370)
(1370, 1370)
(1370, 1371)
(1371, 1371)
(1371, 1372)
(1372, 1372)
(1372, 1373)
(1373, 1373)
(1373, 1374)
(1374, 1374)
(1374, 1375)
(1375, 1376)
(1375, 1375)
(1376, 1376)
(1376, 1377)
(1377, 1377)
(1377, 1378)
(1378, 1378)
(1378, 1379)
(1379, 1379)
(1379, 1380)
(1380, 1380)
(1380, 1381)
(1381, 1381)
(1381, 1382)
(1382, 1382)
(1382, 1383)
(1383, 1384)
(1383, 1385)
(1383, 1383)
(1384, 1384)
(1384, 1385)
(1384, 1386)
(1385, 1385)
(1385, 1386)
(1385, 1387)
(1386, 1386)
(1386, 1387)
(1386, 1388)
(1387, 1387)
(1387, 1388)
(1387, 1389)
(1388, 1388)
(1388, 1389)
(1388, 1390)
(1389, 1389)
(1389, 1390)
(1389, 1391)
(1390, 1392)
(1390, 1393)
(1390, 1390)
(1390, 1391)
(1391, 1392)
(1391, 1393)
(1391, 1394)
(1391, 1391)
(1392, 1392)
(1392, 1393)
(1392, 1394)
(1392, 1395)
(1393, 1393)
(1393, 1394)
(1393, 1395)
(1393, 1396)
(1394, 1394)
(1394, 1395)
(1394, 1396)
(1394, 1397)
(1395, 1395)
(1395, 1396)
(1395, 1397)
(1396, 1396)
(1396, 1397)
(1396, 1398)
(1397, 1397)
(1397, 1398)
(1397, 1399)
(1398, 1398)
(1398, 1399)
(1398, 1400)
(1399, 1399)
(1399, 1400)
(1399, 1401)
(1400, 1400)
(1400, 1401)
(1401, 1401)
(1401, 1402)
(1402, 1402)
(1402, 1403)
(1403, 1403)
(1403, 1404)
(1404, 1404)
(1404, 1405)
(1405, 1405)
(1405, 1406)
(1406, 1406)
(1406, 1407)
(1407, 1408)
(1407, 1407)
(1408, 1408)
(1408, 1409)
(1409, 1409)
(1409, 1410)
(1410, 1410)
(1410, 1411)
(1411, 1411)
(1411, 1412)
(1412, 1412)
(1412, 1413)
(1413, 1413)
(1413, 1414)
(1414, 1414)
(1415, 1416)
(1415, 1415)
(1416, 1416)
(1417, 1417)
(1418, 1418)
(1419, 1419)
(1420, 1420)
(1421, 1421)
(1422, 1422)
(1423, 1423)
(1424, 1424)
(1425, 1425)
(1426, 1426)
(1427, 1427)
(1428, 1428)
(1429, 1429)
(1430, 1430)
(1431, 1431)
(1432, 1432)
(1433, 1433)
(1434, 1434)
(1435, 1435)
(1436, 1436)
(1437, 1437)
(1438, 1438)
(1439, 1439)
(1440, 1440)
(1441, 1441)
(1442, 1442)
(1443, 1443)
(1444, 1444)
(1445, 1445)
(1446, 1446)
(1447, 1447)
(1448, 1448)
(1449, 1449)
(1450, 1450)
(1451, 1451)
(1452, 1452)
(1453, 1453)
(1454, 1454)
(1455, 1455)
(1456, 1456)
(1457, 1457)
(1458, 1458)
(1459, 1459)
(1460, 1460)
(1461, 1461)
(1462, 1462)
(1463, 1463)
(1464, 1464)
(1465, 1465)
(1466, 1466)
(1467, 1467)
(1468, 1468)
(1469, 1469)
(1470, 1470)
(1471, 1471)
(1472, 1472)
(1473, 1473)
(1474, 1474)
(1475, 1475)
(1476, 1476)
(1477, 1477)
(1478, 1478)
(1479, 1479)
(1480, 1480)
(1481, 1481)
(1482, 1482)
(1483, 1483)
(1484, 1484)
(1485, 1485)
(1486, 1486)
(1487, 1487)
(1488, 1488)
(1489, 1489)
(1490, 1490)
(1491, 1491)
(1492, 1492)
(1493, 1493)
(1494, 1494)
(1495, 1495)
(1496, 1496)
(1497, 1497)
(1498, 1498)
(1499, 1499)
(1500, 1500)
(1501, 1501)
(1502, 1502)
(1503, 1503)
(1504, 1504)
(1505, 1505)
(1506, 1506)
(1507, 1507)
(1508, 1508)
(1509, 1509)
(1510, 1510)
(1511, 1511)
(1512, 1512)
(1513, 1513)
(1514, 1514)
(1515, 1515)
(1516, 1516)
(1517, 1517)
(1518, 1518)
(1519, 1519)
(1520, 1520)
(1521, 1521)
(1522, 1522)
(1523, 1523)
(1524, 1524)
(1525, 1525)
(1526, 1526)
(1527, 1527)
(1528, 1528)
(1529, 1529)
(1530, 1530)
(1531, 1531)
(1532, 1532)
(1533, 1533)
(1534, 1534)
(1535, 1535)
(1536, 1536)
(1537, 1537)
(1538, 1538)
(1539, 1539)
(1540, 1540)
(1541, 1541)
(1542, 1542)
(1543, 1543)
(1544, 1544)
(1545, 1545)
(1546, 1546)
(1547, 1547)
(1548, 1548)
(1549, 1549)
(1550, 1550)
(1551, 1551)
(1552, 1552)
(1553, 1553)
(1554, 1554)
(1555, 4537)
(1555, 1555)
(1556, 4537)
(1556, 1556)
(1557, 1557)
(1558, 1558)
(1559, 1559)
(1560, 1560)
(1561, 1561)
(1562, 1562)
(1563, 1563)
(1564, 1564)
(1565, 1565)
(1566, 1566)
(1567, 1567)
(1568, 1568)
(1569, 1569)
(1570, 1570)
(1571, 1571)
(1572, 1572)
(1573, 1573)
(1574, 1574)
(1575, 1575)
(1576, 1576)
(1577, 1577)
(1578, 1578)
(1579, 1579)
(1580, 1580)
(1581, 1581)
(1582, 1582)
(1583, 1583)
(1584, 1584)
(1585, 1585)
(1586, 1586)
(1587, 1587)
(1588, 1588)
(1589, 1589)
(1590, 1590)
(1591, 1591)
(1592, 1592)
(1593, 1593)
(1594, 1594)
(1595, 1595)
(1596, 1596)
(1597, 1597)
(1598, 1598)
(1599, 1599)
(1600, 1600)
(1601, 1601)
(1602, 1602)
(1603, 1603)
(1604, 1604)
(1605, 1605)
(1606, 1606)
(1607, 1607)
(1608, 1608)
(1609, 1609)
(1610, 1610)
(1611, 1611)
(1612, 1612)
(1613, 1613)
(1614, 1614)
(1615, 1615)
(1616, 1616)
(1617, 1617)
(1618, 1618)
(1619, 1619)
(1620, 1620)
(1621, 1621)
(1622, 1622)
(1623, 1623)
(1624, 1624)
(1625, 1625)
(1626, 1626)
(1627, 1627)
(1628, 1628)
(1629, 1629)
(1630, 1630)
(1631, 1631)
(1632, 1632)
(1633, 1633)
(1634, 1634)
(1635, 1635)
(1636, 1636)
(1637, 1637)
(1638, 1638)
(1639, 1639)
(1640, 1640)
(1641, 1641)
(1642, 1642)
(1643, 1643)
(1644, 1644)
(1645, 1645)
(1646, 1646)
(1647, 1647)
(1648, 1648)
(1649, 1649)
(1650, 1650)
(1651, 1651)
(1652, 1652)
(1653, 1653)
(1654, 1654)
(1655, 1655)
(1656, 1656)
(1657, 1657)
(1658, 1658)
(1659, 1659)
(1660, 1660)
(1661, 1661)
(1662, 1662)
(1663, 1663)
(1664, 1664)
(1665, 1665)
(1666, 1666)
(1667, 1667)
(1668, 1668)
(1669, 1669)
(1670, 1670)
(1671, 1671)
(1672, 1672)
(1673, 1673)
(1674, 1674)
(1675, 1675)
(1676, 1676)
(1677, 1677)
(1678, 1678)
(1679, 1679)
(1680, 1680)
(1681, 1681)
(1682, 1682)
(1683, 1683)
(1684, 1684)
(1685, 1685)
(1686, 1686)
(1687, 1687)
(1688, 1688)
(1689, 1689)
(1690, 1690)
(1691, 1691)
(1692, 1692)
(1693, 1693)
(1694, 1694)
(1695, 1695)
(1696, 1696)
(1697, 1697)
(1698, 1698)
(1699, 1699)
(1700, 1700)
(1701, 1701)
(1702, 1702)
(1703, 1703)
(1704, 1704)
(1705, 1705)
(1706, 1706)
(1707, 1707)
(1708, 1708)
(1709, 1709)
(1710, 1710)
(1711, 1711)
(1712, 1712)
(1713, 1713)
(1714, 1714)
(1715, 1715)
(1716, 1716)
(1717, 1717)
(1718, 1718)
(1719, 1719)
(1720, 1720)
(1721, 1721)
(1722, 1722)
(1723, 1723)
(1724, 1724)
(1725, 1725)
(1726, 1726)
(1727, 1727)
(1728, 1728)
(1729, 1729)
(1730, 1730)
(1731, 1731)
(1732, 1732)
(1733, 1733)
(1734, 1734)
(1735, 1735)
(1736, 1736)
(1737, 1737)
(1738, 1738)
(1739, 1739)
(1740, 1740)
(1741, 1741)
(1742, 1742)
(1743, 1743)
(1744, 1744)
(1745, 1745)
(1746, 1746)
(1747, 1747)
(1748, 1748)
(1749, 1749)
(1750, 1750)
(1751, 1751)
(1752, 1752)
(1753, 1753)
(1754, 1754)
(1755, 1755)
(1756, 1756)
(1757, 1757)
(1758, 1758)
(1759, 1759)
(1760, 1760)
(1761, 1761)
(1762, 1762)
(1763, 1763)
(1764, 1764)
(1765, 1765)
(1766, 1766)
(1767, 1767)
(1768, 1768)
(1769, 1769)
(1770, 1770)
(1771, 1771)
(1772, 1772)
(1773, 1773)
(1774, 1774)
(1775, 1775)
(1776, 1776)
(1777, 1777)
(1778, 1778)
(1779, 1779)
(1780, 1780)
(1781, 1781)
(1782, 1782)
(1783, 1783)
(1784, 1784)
(1785, 1785)
(1786, 1786)
(1787, 1787)
(1788, 1788)
(1789, 1789)
(1790, 1790)
(1791, 1791)
(1792, 1792)
(1793, 1793)
(1794, 1794)
(1795, 1795)
(1796, 1796)
(1797, 1797)
(1798, 1798)
(1799, 1799)
(1800, 1800)
(1801, 1801)
(1802, 1802)
(1803, 1803)
(1804, 1804)
(1805, 1805)
(1806, 1806)
(1807, 1807)
(1808, 1808)
(1809, 1809)
(1810, 1810)
(1811, 1811)
(1812, 1812)
(1813, 1813)
(1814, 1814)
(1815, 1815)
(1816, 1816)
(1817, 1817)
(1818, 1818)
(1819, 1819)
(1820, 1820)
(1821, 1821)
(1822, 1822)
(1823, 1823)
(1824, 1824)
(1825, 1825)
(1826, 1826)
(1827, 1827)
(1828, 1828)
(1829, 1829)
(1830, 1830)
(1831, 1831)
(1832, 1832)
(1833, 1833)
(1834, 1834)
(1835, 1835)
(1836, 1836)
(1837, 1837)
(1838, 1838)
(1839, 1839)
(1840, 1840)
(1841, 1841)
(1842, 1842)
(1843, 1843)
(1844, 1844)
(1845, 1845)
(1846, 1846)
(1847, 1847)
(1848, 1848)
(1849, 1849)
(1850, 1850)
(1851, 1851)
(1852, 1852)
(1853, 1853)
(1854, 1854)
(1855, 1855)
(1856, 1856)
(1857, 1857)
(1858, 1858)
(1859, 1859)
(1860, 1860)
(1861, 1861)
(1862, 1862)
(1863, 1863)
(1864, 1864)
(1865, 1865)
(1866, 1866)
(1867, 1867)
(1868, 1868)
(1869, 1869)
(1870, 1870)
(1871, 1871)
(1872, 1872)
(1873, 1873)
(1874, 1874)
(1875, 1875)
(1876, 1876)
(1877, 1877)
(1878, 1878)
(1879, 1879)
(1880, 1880)
(1881, 1881)
(1882, 1882)
(1883, 1883)
(1884, 1884)
(1885, 1885)
(1886, 1886)
(1887, 1887)
(1888, 1888)
(1889, 1889)
(1890, 1890)
(1891, 1891)
(1892, 1892)
(1893, 1893)
(1894, 1894)
(1895, 1895)
(1896, 1896)
(1897, 1897)
(1898, 1898)
(1899, 1899)
(1900, 1900)
(1901, 1901)
(1902, 1902)
(1903, 1903)
(1904, 1904)
(1905, 1905)
(1906, 1906)
(1907, 1907)
(1908, 1908)
(1909, 1909)
(1910, 1910)
(1911, 1911)
(1912, 1912)
(1913, 1913)
(1914, 1914)
(1915, 1915)
(1916, 1916)
(1917, 1917)
(1918, 1918)
(1919, 1919)
(1920, 1920)
(1921, 1921)
(1922, 1922)
(1923, 1923)
(1924, 1924)
(1925, 1925)
(1926, 1926)
(1927, 1927)
(1928, 1928)
(1928, 1929)
(1929, 1929)
(1929, 1930)
(1930, 1930)
(1930, 1931)
(1931, 1931)
(1931, 1932)
(1932, 1932)
(1932, 1933)
(1933, 1933)
(1933, 1934)
(1934, 1934)
(1934, 1935)
(1935, 1936)
(1935, 1935)
(1936, 1936)
(1936, 1937)
(1937, 1937)
(1937, 1938)
(1938, 1938)
(1938, 1939)
(1939, 1939)
(1939, 1940)
(1939, 1941)
(1940, 1940)
(1940, 1941)
(1941, 1941)
(1941, 1942)
(1942, 1944)
(1942, 1942)
(1942, 1943)
(1943, 1944)
(1943, 1945)
(1943, 1943)
(1944, 1944)
(1944, 1945)
(1945, 1945)
(1945, 1946)
(1946, 1946)
(1946, 1947)
(1947, 1947)
(1947, 1948)
(1948, 1948)
(1948, 1949)
(1949, 1949)
(1949, 1950)
(1950, 1950)
(1950, 1951)
(1951, 1952)
(1951, 1951)
(1952, 1952)
(1952, 1953)
(1953, 1953)
(1953, 1954)
(1954, 1954)
(1954, 1955)
(1955, 1955)
(1955, 1956)
(1956, 1956)
(1956, 1957)
(1957, 1957)
(1957, 1958)
(1958, 1958)
(1958, 1959)
(1959, 1960)
(1959, 1959)
(1960, 1960)
(1960, 1961)
(1961, 1961)
(1961, 1962)
(1962, 1962)
(1962, 1963)
(1963, 1963)
(1963, 1964)
(1964, 1964)
(1964, 1965)
(1965, 1965)
(1965, 1966)
(1966, 1966)
(1966, 1967)
(1967, 1968)
(1967, 1967)
(1968, 1968)
(1968, 1969)
(1969, 1969)
(1969, 1970)
(1970, 1970)
(1971, 1971)
(1972, 1972)
(1973, 1973)
(1974, 1974)
(1975, 1975)
(1976, 1976)
(1977, 1977)
(1978, 1978)
(1979, 1979)
(1980, 1980)
(1981, 1981)
(1982, 1982)
(1983, 1983)
(1984, 1984)
(1985, 1985)
(1986, 1986)
(1987, 1987)
(1988, 1988)
(1989, 1989)
(1990, 1990)
(1991, 1991)
(1992, 1992)
(1993, 1993)
(1994, 1994)
(1995, 1995)
(1996, 1996)
(1997, 1997)
(1998, 1998)
(1999, 1999)
(2000, 2000)
(2001, 2001)
(2002, 2002)
(2003, 2003)
(2004, 2004)
(2005, 2005)
(2006, 2006)
(2007, 2007)
(2008, 2008)
(2009, 2009)
(2010, 2010)
(2011, 2011)
(2012, 2012)
(2013, 2013)
(2014, 2014)
(2015, 2015)
(2016, 2016)
(2017, 2017)
(2018, 2018)
(2019, 2019)
(2020, 2020)
(2021, 2021)
(2022, 2022)
(2023, 2023)
(2024, 2024)
(2025, 2025)
(2026, 2026)
(2027, 2027)
(2028, 2028)
(2029, 2029)
(2030, 2030)
(2031, 2031)
(2032, 2032)
(2033, 2033)
(2034, 2034)
(2035, 2035)
(2036, 2036)
(2037, 2037)
(2038, 2038)
(2039, 2039)
(2040, 2040)
(2041, 2041)
(2042, 2042)
(2043, 2043)
(2044, 2044)
(2045, 2045)
(2046, 2046)
(2047, 2047)
(2048, 2048)
(2049, 2049)
(2050, 2050)
(2051, 2051)
(2052, 2052)
(2053, 2053)
(2054, 2054)
(2055, 2055)
(2056, 2056)
(2057, 2057)
(2058, 2058)
(2059, 2059)
(2060, 2060)
(2061, 2061)
(2062, 2062)
(2063, 2063)
(2064, 2064)
(2065, 2065)
(2066, 2066)
(2067, 2067)
(2068, 2068)
(2069, 2069)
(2070, 2070)
(2071, 2071)
(2072, 2072)
(2073, 2073)
(2074, 2074)
(2075, 2075)
(2076, 2076)
(2077, 2077)
(2078, 2078)
(2079, 2079)
(2080, 2080)
(2081, 2081)
(2082, 2082)
(2083, 2083)
(2084, 2084)
(2085, 2085)
(2086, 2086)
(2087, 2087)
(2088, 2088)
(2089, 2089)
(2090, 2090)
(2091, 2091)
(2092, 2092)
(2093, 2093)
(2094, 2094)
(2095, 2095)
(2096, 2096)
(2097, 2097)
(2098, 2098)
(2099, 2099)
(2100, 2100)
(2101, 2101)
(2102, 2102)
(2103, 2103)
(2104, 2104)
(2105, 2105)
(2106, 2106)
(2107, 2107)
(2108, 2108)
(2109, 2109)
(2110, 2110)
(2111, 2111)
(2112, 2112)
(2113, 2113)
(2114, 2114)
(2115, 2115)
(2116, 2116)
(2117, 2117)
(2118, 2118)
(2119, 2119)
(2120, 2120)
(2121, 2121)
(2122, 2122)
(2123, 2123)
(2124, 2124)
(2125, 2125)
(2126, 2126)
(2127, 2127)
(2128, 2128)
(2129, 2129)
(2130, 2130)
(2131, 2131)
(2132, 2132)
(2133, 2133)
(2134, 2134)
(2135, 2135)
(2136, 2136)
(2137, 2137)
(2138, 2138)
(2139, 2139)
(2140, 2140)
(2141, 2141)
(2142, 2142)
(2143, 2143)
(2144, 2144)
(2145, 2145)
(2146, 2146)
(2147, 2147)
(2148, 2148)
(2149, 2149)
(2150, 2150)
(2151, 2151)
(2152, 2152)
(2153, 2153)
(2154, 2154)
(2155, 2155)
(2156, 2156)
(2157, 2157)
(2158, 2158)
(2159, 2159)
(2160, 2160)
(2161, 2161)
(2162, 2162)
(2163, 2163)
(2164, 2164)
(2165, 2165)
(2166, 2166)
(2167, 2167)
(2168, 2168)
(2169, 2169)
(2170, 2170)
(2171, 2171)
(2172, 2172)
(2173, 2173)
(2174, 2174)
(2175, 2175)
(2176, 2176)
(2177, 2177)
(2178, 2178)
(2179, 2179)
(2180, 2180)
(2181, 2181)
(2182, 2182)
(2183, 2183)
(2184, 2184)
(2185, 2185)
(2186, 2186)
(2187, 2187)
(2188, 2188)
(2189, 2189)
(2190, 2190)
(2191, 2191)
(2192, 2192)
(2193, 2193)
(2194, 2194)
(2195, 2195)
(2196, 2196)
(2197, 2197)
(2198, 2198)
(2199, 2199)
(2200, 2200)
(2201, 2201)
(2202, 2202)
(2203, 2203)
(2204, 2204)
(2205, 2205)
(2206, 2206)
(2207, 2207)
(2208, 2208)
(2209, 2209)
(2210, 2210)
(2211, 2211)
(2212, 2212)
(2213, 2213)
(2214, 2214)
(2215, 2215)
(2216, 2216)
(2217, 2217)
(2218, 2218)
(2219, 2219)
(2220, 2220)
(2221, 2221)
(2222, 2222)
(2223, 2223)
(2224, 2224)
(2225, 2225)
(2226, 2226)
(2227, 2227)
(2228, 2228)
(2229, 2229)
(2230, 2230)
(2231, 2231)
(2232, 2232)
(2233, 2233)
(2233, 2234)
(2234, 2234)
(2234, 2235)
(2235, 2235)
(2235, 2236)
(2236, 2236)
(2236, 2237)
(2237, 2237)
(2237, 2238)
(2238, 2238)
(2238, 2239)
(2239, 2240)
(2239, 2239)
(2240, 2240)
(2240, 2241)
(2241, 2241)
(2241, 2242)
(2241, 2243)
(2242, 2242)
(2242, 2243)
(2242, 2244)
(2243, 2243)
(2243, 2244)
(2243, 2245)
(2244, 2244)
(2244, 2245)
(2244, 2246)
(2245, 2245)
(2245, 2246)
(2245, 2247)
(2246, 2246)
(2246, 2247)
(2246, 2248)
(2247, 2247)
(2247, 2248)
(2247, 2249)
(2248, 2248)
(2248, 2249)
(2248, 2250)
(2249, 2249)
(2249, 2250)
(2249, 2251)
(2250, 2250)
(2250, 2251)
(2250, 2252)
(2251, 2251)
(2251, 2252)
(2251, 2253)
(2252, 2252)
(2252, 2253)
(2252, 2254)
(2253, 2253)
(2253, 2254)
(2254, 2254)
(2254, 2255)
(2255, 2256)
(2255, 2255)
(2256, 2256)
(2256, 2257)
(2257, 2257)
(2257, 2258)
(2258, 2258)
(2258, 2259)
(2259, 2259)
(2259, 2260)
(2260, 2260)
(2260, 2261)
(2261, 2261)
(2261, 2262)
(2262, 2262)
(2262, 2263)
(2263, 2264)
(2263, 2263)
(2264, 2264)
(2265, 2265)
(2266, 2266)
(2267, 2267)
(2268, 2268)
(2269, 2269)
(2270, 2270)
(2271, 2271)
(2272, 2272)
(2273, 2273)
(2274, 2274)
(2275, 2275)
(2276, 2276)
(2277, 2277)
(2278, 2278)
(2279, 2279)
(2280, 2280)
(2281, 2281)
(2282, 2282)
(2283, 2283)
(2284, 2284)
(2285, 2285)
(2286, 2286)
(2287, 2287)
(2288, 2288)
(2289, 2289)
(2290, 2290)
(2291, 2291)
(2292, 2292)
(2293, 2293)
(2294, 2294)
(2295, 2295)
(2296, 2296)
(2297, 2297)
(2298, 2298)
(2299, 2299)
(2300, 2300)
(2301, 2301)
(2302, 2302)
(2303, 2303)
(2304, 2304)
(2305, 2305)
(2306, 2306)
(2307, 2307)
(2308, 2308)
(2309, 2309)
(2310, 2310)
(2311, 2311)
(2312, 2312)
(2313, 2313)
(2314, 2314)
(2315, 2315)
(2316, 2316)
(2317, 2317)
(2318, 2318)
(2319, 2319)
(2320, 2320)
(2321, 2321)
(2322, 2322)
(2323, 2323)
(2324, 2324)
(2325, 2325)
(2326, 2326)
(2327, 2327)
(2328, 2328)
(2329, 2329)
(2330, 2330)
(2331, 2331)
(2332, 2332)
(2333, 2333)
(2334, 2334)
(2335, 2335)
(2336, 2336)
(2337, 2337)
(2338, 2338)
(2339, 2339)
(2340, 2340)
(2341, 2341)
(2342, 2342)
(2343, 2343)
(2344, 2344)
(2345, 2345)
(2346, 2346)
(2347, 2347)
(2348, 2348)
(2349, 2349)
(2350, 2350)
(2351, 3291)
(2351, 2351)
(2352, 2352)
(2352, 3292)
(2353, 2353)
(2353, 3293)
(2353, 3294)
(2354, 2354)
(2354, 3295)
(2355, 3296)
(2355, 2355)
(2356, 3297)
(2356, 3298)
(2356, 2356)
(2357, 3299)
(2357, 2357)
(2358, 3300)
(2358, 2358)
(2359, 3301)
(2359, 3302)
(2359, 2359)
(2360, 2360)
(2360, 3302)
(2360, 3303)
(2361, 3304)
(2361, 2361)
(2362, 3305)
(2362, 2362)
(2363, 3306)
(2363, 2363)
(2364, 3307)
(2364, 2364)
(2365, 2365)
(2365, 3308)
(2365, 3309)
(2366, 3310)
(2366, 2366)
(2367, 3311)
(2367, 2367)
(2368, 2368)
(2368, 3312)
(2369, 2369)
(2369, 3313)
(2370, 3314)
(2370, 2370)
(2371, 2371)
(2371, 3315)
(2372, 3316)
(2372, 2372)
(2373, 2373)
(2373, 3317)
(2374, 3318)
(2374, 2374)
(2375, 3319)
(2375, 2375)
(2376, 3320)
(2376, 2376)
(2377, 2377)
(2378, 2378)
(2379, 2379)
(2380, 2380)
(2381, 2381)
(2382, 2382)
(2383, 2383)
(2384, 2384)
(2385, 2385)
(2386, 2386)
(2387, 2387)
(2388, 2388)
(2389, 2389)
(2390, 2390)
(2391, 2391)
(2392, 2392)
(2393, 2393)
(2394, 2394)
(2395, 2395)
(2396, 2396)
(2397, 2397)
(2398, 2398)
(2399, 2399)
(2400, 2400)
(2401, 2401)
(2402, 2402)
(2403, 2403)
(2404, 2404)
(2405, 2405)
(2406, 2406)
(2407, 2407)
(2408, 2408)
(2409, 2409)
(2410, 2410)
(2411, 2411)
(2412, 2412)
(2413, 2413)
(2414, 2414)
(2415, 2415)
(2416, 2416)
(2417, 2417)
(2418, 2418)
(2419, 2419)
(2420, 2420)
(2421, 2421)
(2422, 2422)
(2423, 2423)
(2424, 2424)
(2424, 3370)
(2425, 2425)
(2425, 3371)
(2426, 2426)
(2426, 3372)
(2427, 2427)
(2427, 3373)
(2427, 3374)
(2428, 2428)
(2428, 3374)
(2428, 3375)
(2429, 3376)
(2429, 2429)
(2429, 3375)
(2430, 3377)
(2430, 2430)
(2431, 3378)
(2431, 2431)
(2432, 2432)
(2432, 3379)
(2432, 3380)
(2433, 2433)
(2433, 3380)
(2433, 3381)
(2434, 2434)
(2434, 3381)
(2434, 3382)
(2435, 2435)
(2435, 3382)
(2435, 3383)
(2436, 3384)
(2436, 2436)
(2436, 3383)
(2437, 3385)
(2437, 3386)
(2437, 2437)
(2438, 3386)
(2438, 3387)
(2438, 2438)
(2439, 3387)
(2439, 3388)
(2439, 2439)
(2440, 2440)
(2440, 3388)
(2440, 3389)
(2441, 2441)
(2441, 3389)
(2441, 3390)
(2442, 2442)
(2442, 3390)
(2442, 3391)
(2443, 3392)
(2443, 2443)
(2444, 3393)
(2444, 3394)
(2444, 2444)
(2445, 3394)
(2445, 3395)
(2445, 2445)
(2446, 3395)
(2446, 3396)
(2446, 2446)
(2447, 3397)
(2447, 3398)
(2447, 2447)
(2448, 2448)
(2448, 3398)
(2448, 3399)
(2449, 3400)
(2449, 2449)
(2450, 2450)
(2450, 3401)
(2450, 3402)
(2451, 3402)
(2451, 3403)
(2451, 2451)
(2452, 2452)
(2452, 3404)
(2453, 3405)
(2453, 2453)
(2453, 3406)
(2454, 2454)
(2454, 3406)
(2454, 3407)
(2455, 3408)
(2455, 2455)
(2456, 3409)
(2456, 3410)
(2456, 2456)
(2457, 3410)
(2457, 3411)
(2457, 2457)
(2458, 2458)
(2458, 3412)
(2459, 3413)
(2459, 3414)
(2459, 2459)
(2460, 2460)
(2460, 3415)
(2461, 2461)
(2462, 2462)
(2463, 2463)
(2464, 2464)
(2465, 2465)
(2466, 2466)
(2467, 2467)
(2468, 2468)
(2469, 2469)
(2470, 2470)
(2471, 2471)
(2472, 2472)
(2473, 2473)
(2474, 2474)
(2475, 2475)
(2476, 2476)
(2477, 2477)
(2478, 2478)
(2479, 2479)
(2480, 2480)
(2481, 2481)
(2482, 2482)
(2483, 2483)
(2484, 2484)
(2485, 2485)
(2486, 2486)
(2487, 2487)
(2488, 2488)
(2489, 2489)
(2490, 2490)
(2491, 2491)
(2492, 2492)
(2493, 2493)
(2494, 2494)
(2495, 2495)
(2496, 2496)
(2497, 2497)
(2498, 2498)
(2499, 2499)
(2500, 2500)
(2501, 2501)
(2502, 2502)
(2503, 2503)
(2504, 2504)
(2505, 2505)
(2506, 2506)
(2507, 2507)
(2508, 2508)
(2509, 2509)
(2510, 2510)
(2511, 2511)
(2512, 2512)
(2513, 2513)
(2514, 2514)
(2515, 2515)
(2516, 2516)
(2517, 2517)
(2518, 2518)
(2519, 2519)
(2520, 2520)
(2521, 2521)
(2522, 2522)
(2523, 2523)
(2524, 2524)
(2525, 2525)
(2526, 2526)
(2527, 2527)
(2528, 2528)
(2529, 2529)
(2530, 2530)
(2531, 2531)
(2532, 2532)
(2533, 2533)
(2534, 2534)
(2535, 2535)
(2536, 2536)
(2537, 2537)
(2538, 2538)
(2539, 2539)
(2540, 2540)
(2541, 2541)
(2542, 2542)
(2543, 2543)
(2544, 2544)
(2545, 2545)
(2546, 2546)
(2547, 2547)
(2548, 2548)
(2549, 2549)
(2550, 2550)
(2551, 2551)
(2552, 2552)
(2553, 2553)
(2554, 2554)
(2555, 2555)
(2556, 2556)
(2557, 2557)
(2558, 2558)
(2559, 2559)
(2560, 2560)
(2561, 2561)
(2562, 2562)
(2563, 2563)
(2564, 2564)
(2565, 2565)
(2566, 2566)
(2567, 2567)
(2568, 2568)
(2569, 2569)
(2570, 2570)
(2571, 2571)
(2572, 2572)
(2573, 2573)
(2574, 2574)
(2575, 2575)
(2576, 2576)
(2577, 2577)
(2578, 2578)
(2579, 2579)
(2580, 2580)
(2581, 2581)
(2582, 2582)
(2583, 2583)
(2584, 2584)
(2585, 2585)
(2586, 2586)
(2587, 2587)
(2588, 2588)
(2589, 2589)
(2590, 2590)
(2591, 2591)
(2592, 2592)
(2593, 2593)
(2594, 2594)
(2595, 2595)
(2596, 2596)
(2597, 2597)
(2598, 2598)
(2599, 2599)
(2600, 2600)
(2601, 2601)
(2602, 2602)
(2603, 2603)
(2604, 2604)
(2605, 2605)
(2606, 2606)
(2607, 2607)
(2608, 2608)
(2609, 2609)
(2610, 2610)
(2611, 2611)
(2612, 2612)
(2613, 2613)
(2614, 2614)
(2615, 2615)
(2616, 2616)
(2617, 2617)
(2618, 2618)
(2619, 2619)
(2620, 2620)
(2621, 2621)
(2622, 2622)
(2623, 2623)
(2624, 2624)
(2625, 2625)
(2626, 2626)
(2627, 2627)
(2628, 2628)
(2629, 2629)
(2630, 2630)
(2631, 2631)
(2632, 2632)
(2633, 2633)
(2634, 2634)
(2635, 2635)
(2636, 2636)
(2637, 2637)
(2638, 2638)
(2639, 2639)
(2640, 2640)
(2641, 2641)
(2642, 2642)
(2643, 2643)
(2644, 2644)
(2645, 2645)
(2646, 2646)
(2647, 2647)
(2648, 2648)
(2649, 2649)
(2650, 2650)
(2651, 2651)
(2652, 2652)
(2653, 2653)
(2654, 2654)
(2655, 2655)
(2656, 2656)
(2657, 2657)
(2658, 2658)
(2659, 2659)
(2660, 2660)
(2661, 2661)
(2662, 2662)
(2663, 2663)
(2664, 2664)
(2665, 2665)
(2666, 2666)
(2667, 2667)
(2668, 2668)
(2669, 2669)
(2670, 2670)
(2671, 2671)
(2672, 2672)
(2673, 2673)
(2674, 2674)
(2675, 2675)
(2676, 2676)
(2677, 2677)
(2678, 2678)
(2679, 2679)
(2680, 2680)
(2681, 2681)
(2682, 2682)
(2683, 2683)
(2684, 2684)
(2685, 2685)
(2685, 2686)
(2686, 2686)
(2686, 2687)
(2687, 2688)
(2687, 2687)
(2688, 2688)
(2688, 2689)
(2689, 2689)
(2689, 2690)
(2690, 2690)
(2690, 2691)
(2691, 2691)
(2691, 2692)
(2692, 2692)
(2692, 2693)
(2693, 2693)
(2693, 2694)
(2694, 2694)
(2694, 2695)
(2695, 2696)
(2695, 2695)
(2696, 2696)
(2696, 2697)
(2697, 2697)
(2697, 2698)
(2698, 2698)
(2698, 2699)
(2699, 2699)
(2699, 2700)
(2700, 2700)
(2700, 2701)
(2701, 2701)
(2701, 2702)
(2702, 2702)
(2702, 2703)
(2703, 2704)
(2703, 2703)
(2704, 2704)
(2704, 2705)
(2705, 2705)
(2705, 2706)
(2706, 2706)
(2706, 2707)
(2707, 2707)
(2707, 2708)
(2708, 2708)
(2708, 2709)
(2709, 2709)
(2709, 2710)
(2710, 2710)
(2711, 2711)
(2712, 2712)
(2713, 2713)
(2714, 2714)
(2715, 2715)
(2716, 2716)
(2717, 2717)
(2718, 2718)
(2719, 2719)
(2720, 2720)
(2721, 2721)
(2722, 2722)
(2723, 2723)
(2724, 2724)
(2725, 2725)
(2726, 2726)
(2727, 2727)
(2728, 2728)
(2729, 2729)
(2730, 2730)
(2731, 2731)
(2732, 2732)
(2733, 2733)
(2734, 2734)
(2735, 2735)
(2736, 2736)
(2737, 2737)
(2738, 2738)
(2739, 2739)
(2740, 2740)
(2741, 2741)
(2742, 2742)
(2743, 2743)
(2744, 2744)
(2745, 2745)
(2746, 2746)
(2747, 2747)
(2748, 2748)
(2749, 2749)
(2750, 2750)
(2751, 2751)
(2752, 2752)
(2753, 2753)
(2754, 2754)
(2755, 2755)
(2756, 2756)
(2757, 2757)
(2758, 2758)
(2759, 2759)
(2760, 2760)
(2761, 2761)
(2762, 2762)
(2763, 2763)
(2764, 2764)
(2765, 2765)
(2766, 2766)
(2767, 2767)
(2768, 2768)
(2769, 2769)
(2770, 2770)
(2771, 2771)
(2772, 2772)
(2773, 2773)
(2774, 2774)
(2775, 2775)
(2776, 2776)
(2777, 2777)
(2778, 2778)
(2779, 2779)
(2780, 2780)
(2781, 2781)
(2782, 2782)
(2783, 2783)
(2784, 2784)
(2785, 2785)
(2786, 2786)
(2787, 2787)
(2788, 2788)
(2789, 2789)
(2790, 2790)
(2791, 2791)
(2792, 2792)
(2793, 2793)
(2794, 2794)
(2795, 2795)
(2796, 2796)
(2797, 2797)
(2798, 2798)
(2799, 2799)
(2800, 2800)
(2801, 2801)
(2802, 2802)
(2803, 2803)
(2804, 2804)
(2805, 2805)
(2806, 2806)
(2807, 2807)
(2808, 2808)
(2809, 2809)
(2810, 2810)
(2811, 2811)
(2812, 2812)
(2813, 2813)
(2814, 2814)
(2815, 2815)
(2816, 2816)
(2817, 2817)
(2818, 2818)
(2819, 2819)
(2820, 2820)
(2821, 2821)
(2822, 2822)
(2823, 2823)
(2824, 2824)
(2825, 2825)
(2826, 2826)
(2827, 2827)
(2828, 2828)
(2829, 2829)
(2830, 2830)
(2831, 2831)
(2832, 2832)
(2833, 2833)
(2834, 2834)
(2835, 2835)
(2836, 2836)
(2837, 2837)
(2838, 2838)
(2839, 2839)
(2840, 2840)
(2841, 2841)
(2842, 2842)
(2843, 2843)
(2844, 2844)
(2845, 2845)
(2846, 2846)
(2847, 2847)
(2848, 2848)
(2849, 2849)
(2849, 2850)
(2850, 2850)
(2850, 2851)
(2851, 2851)
(2851, 2852)
(2852, 2852)
(2852, 2853)
(2853, 2853)
(2853, 2854)
(2854, 2854)
(2854, 2855)
(2855, 2856)
(2855, 2855)
(2856, 2856)
(2856, 2857)
(2857, 2857)
(2857, 2858)
(2858, 2858)
(2858, 2859)
(2859, 2859)
(2859, 2860)
(2860, 2860)
(2860, 2861)
(2861, 2861)
(2861, 2862)
(2862, 2862)
(2862, 2863)
(2863, 2864)
(2863, 2863)
(2864, 2864)
(2864, 2865)
(2865, 2865)
(2865, 2866)
(2866, 2866)
(2866, 2867)
(2867, 2867)
(2867, 2868)
(2868, 2868)
(2868, 2869)
(2869, 2869)
(2869, 2870)
(2870, 2870)
(2870, 2871)
(2871, 2872)
(2871, 2871)
(2872, 2872)
(2872, 2873)
(2873, 2873)
(2873, 2874)
(2874, 2874)
(2874, 2875)
(2875, 2875)
(2875, 2876)
(2876, 2876)
(2876, 2877)
(2877, 2877)
(2878, 2878)
(2879, 2879)
(2880, 2880)
(2881, 2881)
(2882, 2882)
(2883, 2883)
(2884, 2884)
(2885, 2885)
(2886, 2886)
(2887, 2887)
(2888, 2888)
(2889, 2889)
(2890, 2890)
(2891, 2891)
(2892, 2892)
(2893, 2893)
(2894, 2894)
(2895, 2895)
(2896, 2896)
(2897, 2897)
(2898, 2898)
(2899, 2899)
(2900, 2900)
(2901, 2901)
(2902, 2902)
(2903, 2903)
(2904, 2904)
(2905, 2905)
(2906, 2906)
(2907, 2907)
(2908, 2908)
(2909, 2909)
(2910, 2910)
(2911, 2911)
(2912, 2912)
(2913, 2913)
(2914, 2914)
(2915, 2915)
(2916, 2916)
(2917, 2917)
(2918, 2918)
(2919, 2919)
(2920, 2920)
(2921, 2921)
(2922, 2922)
(2923, 2923)
(2924, 2924)
(2925, 2925)
(2926, 2926)
(2927, 2927)
(2928, 2928)
(2929, 2929)
(2930, 2930)
(2931, 2931)
(2932, 2932)
(2933, 2933)
(2934, 2934)
(2935, 2935)
(2936, 2936)
(2937, 2937)
(2938, 2938)
(2939, 2939)
(2940, 2940)
(2941, 2941)
(2942, 2942)
(2943, 2943)
(2944, 2944)
(2945, 2945)
(2946, 2946)
(2947, 2947)
(2948, 2948)
(2949, 2949)
(2950, 2950)
(2951, 2951)
(2952, 2952)
(2953, 2953)
(2954, 2954)
(2955, 2955)
(2956, 2956)
(2957, 2957)
(2958, 2958)
(2959, 2959)
(2960, 2960)
(2961, 2961)
(2962, 2962)
(2963, 2963)
(2964, 2964)
(2965, 2965)
(2966, 2966)
(2967, 2967)
(2968, 2968)
(2969, 2969)
(2970, 2970)
(2971, 2971)
(2972, 2972)
(2973, 2973)
(2974, 2974)
(2975, 2975)
(2976, 2976)
(2977, 2977)
(2978, 2978)
(2979, 2979)
(2980, 2980)
(2981, 2981)
(2982, 2982)
(2983, 2983)
(2984, 2984)
(2985, 2985)
(2985, 2986)
(2986, 2986)
(2987, 2987)
(2987, 2988)
(2988, 2988)
(2988, 2989)
(2989, 2989)
(2990, 2990)
(2991, 2991)
(2992, 2992)
(2993, 2993)
(2994, 2994)
(2995, 2995)
(2996, 2996)
(2997, 2997)
(2998, 2998)
(2999, 2999)
(3000, 3000)
(3001, 3001)
(3002, 3002)
(3003, 3003)
(3004, 3004)
(3005, 3005)
(3006, 3006)
(3007, 3007)
(3008, 3008)
(3009, 3009)
(3010, 3010)
(3011, 3011)
(3012, 3012)
(3013, 3013)
(3014, 3014)
(3015, 3015)
(3016, 3016)
(3017, 3017)
(3018, 3018)
(3019, 3019)
(3020, 3020)
(3021, 3021)
(3022, 3022)
(3023, 3023)
(3024, 3024)
(3025, 3025)
(3026, 3026)
(3027, 3027)
(3028, 3028)
(3029, 3029)
(3030, 3030)
(3031, 3031)
(3032, 3032)
(3033, 3033)
(3034, 3034)
(3035, 3035)
(3036, 3036)
(3037, 3037)
(3038, 3038)
(3039, 3039)
(3040, 3040)
(3041, 3041)
(3042, 3042)
(3043, 3043)
(3044, 3044)
(3045, 3045)
(3046, 3046)
(3047, 3047)
(3048, 3048)
(3049, 3049)
(3050, 3050)
(3051, 3051)
(3052, 3052)
(3053, 3053)
(3054, 3054)
(3055, 3055)
(3056, 3056)
(3057, 3057)
(3058, 3058)
(3059, 3059)
(3060, 3060)
(3061, 3061)
(3062, 3062)
(3063, 3063)
(3064, 3064)
(3065, 3065)
(3066, 3066)
(3067, 3067)
(3068, 3068)
(3069, 3069)
(3070, 3070)
(3071, 3071)
(3072, 3072)
(3073, 3073)
(3074, 3074)
(3075, 3075)
(3076, 3076)
(3077, 3077)
(3078, 3078)
(3079, 3079)
(3080, 3080)
(3081, 3081)
(3082, 3082)
(3083, 3083)
(3084, 3084)
(3085, 3085)
(3086, 3086)
(3087, 3087)
(3088, 3088)
(3089, 3089)
(3090, 3090)
(3091, 3091)
(3092, 3092)
(3093, 3093)
(3094, 3094)
(3095, 3095)
(3096, 3096)
(3097, 3097)
(3098, 3098)
(3099, 3099)
(3100, 3100)
(3101, 3101)
(3101, 3102)
(3102, 3102)
(3102, 3103)
(3103, 3103)
(3104, 3104)
(3104, 3105)
(3105, 3105)
(3105, 3106)
(3106, 3106)
(3107, 3107)
(3107, 3108)
(3108, 3108)
(3108, 3109)
(3109, 3109)
(3110, 3110)
(3110, 3111)
(3111, 3112)
(3111, 3111)
(3112, 3112)
(3113, 3113)
(3113, 3114)
(3114, 3114)
(3115, 3115)
(3116, 3116)
(3117, 3117)
(3118, 3118)
(3119, 3119)
(3120, 3120)
(3121, 3121)
(3122, 3122)
(3123, 3123)
(3124, 3124)
(3125, 3125)
(3126, 3126)
(3127, 3127)
(3128, 3128)
(3129, 3129)
(3130, 3130)
(3131, 3131)
(3132, 3132)
(3133, 3133)
(3134, 3134)
(3135, 3135)
(3136, 3136)
(3137, 3137)
(3138, 3138)
(3139, 3139)
(3140, 3140)
(3141, 3141)
(3142, 3142)
(3143, 3143)
(3144, 3144)
(3145, 3145)
(3146, 3146)
(3147, 3147)
(3148, 3148)
(3149, 3149)
(3150, 3150)
(3151, 3151)
(3152, 3152)
(3153, 3153)
(3154, 3154)
(3155, 3155)
(3156, 3156)
(3157, 3157)
(3158, 3158)
(3159, 3159)
(3160, 3160)
(3161, 3161)
(3162, 3162)
(3163, 3163)
(3164, 3164)
(3165, 3165)
(3166, 3166)
(3167, 3167)
(3168, 3168)
(3169, 3169)
(3170, 3170)
(3171, 3171)
(3172, 3172)
(3173, 3173)
(3174, 3174)
(3175, 3175)
(3176, 3176)
(3177, 3177)
(3178, 3178)
(3179, 3179)
(3180, 3180)
(3181, 3181)
(3182, 3182)
(3183, 3183)
(3184, 3184)
(3185, 3185)
(3186, 3186)
(3187, 3187)
(3188, 3188)
(3189, 3189)
(3190, 3190)
(3191, 3191)
(3192, 3192)
(3193, 3193)
(3194, 3194)
(3195, 3195)
(3196, 3196)
(3197, 3197)
(3198, 3198)
(3199, 3199)
(3200, 3200)
(3201, 3201)
(3202, 3202)
(3203, 3203)
(3204, 3204)
(3205, 3205)
(3206, 3206)
(3207, 3207)
(3208, 3208)
(3209, 3209)
(3210, 3210)
(3211, 3211)
(3212, 3212)
(3213, 3213)
(3214, 3214)
(3215, 3215)
(3216, 3216)
(3217, 3217)
(3218, 3218)
(3219, 3219)
(3220, 3220)
(3221, 3221)
(3222, 3222)
(3223, 3223)
(3224, 3224)
(3225, 3225)
(3226, 3226)
(3227, 3227)
(3228, 3228)
(3229, 3229)
(3230, 3230)
(3231, 3231)
(3232, 3232)
(3233, 3233)
(3234, 3234)
(3235, 3235)
(3236, 3236)
(3237, 3237)
(3238, 3238)
(3239, 3239)
(3240, 3240)
(3241, 3241)
(3242, 3242)
(3243, 3243)
(3244, 3244)
(3245, 3245)
(3246, 3246)
(3247, 3247)
(3248, 3248)
(3249, 3249)
(3250, 3250)
(3251, 3251)
(3252, 3252)
(3253, 3253)
(3254, 3254)
(3255, 3255)
(3256, 3256)
(3257, 3257)
(3258, 3258)
(3259, 3259)
(3260, 3260)
(3261, 3261)
(3262, 3262)
(3263, 3264)
(3263, 3263)
(3264, 3264)
(3264, 3265)
(3265, 3265)
(3265, 3266)
(3266, 3266)
(3266, 3267)
(3267, 3267)
(3267, 3268)
(3268, 3268)
(3268, 3269)
(3269, 3269)
(3269, 3270)
(3270, 3270)
(3270, 3271)
(3271, 3272)
(3271, 3271)
(3272, 3272)
(3272, 3273)
(3273, 3273)
(3273, 3274)
(3274, 3274)
(3274, 3275)
(3275, 3275)
(3275, 3276)
(3276, 3276)
(3276, 3277)
(3277, 3277)
(3277, 3278)
(3278, 3278)
(3278, 3279)
(3279, 3280)
(3279, 3279)
(3280, 3280)
(3280, 3281)
(3281, 3281)
(3281, 3282)
(3282, 3282)
(3282, 3283)
(3283, 3283)
(3283, 3284)
(3284, 3284)
(3284, 3285)
(3285, 3285)
(3286, 3286)
(3286, 3287)
(3287, 3287)
(3288, 3288)
(3289, 3289)
(3290, 3290)
(3291, 3291)
(3292, 3292)
(3293, 3293)
(3294, 3294)
(3295, 3295)
(3296, 3296)
(3297, 3297)
(3298, 3298)
(3299, 3299)
(3300, 3300)
(3301, 3301)
(3302, 3302)
(3303, 3303)
(3304, 3304)
(3305, 3305)
(3306, 3306)
(3307, 3307)
(3308, 3308)
(3309, 3309)
(3310, 3310)
(3311, 3311)
(3312, 3312)
(3313, 3313)
(3314, 3314)
(3315, 3315)
(3316, 3316)
(3317, 3317)
(3318, 3318)
(3319, 3319)
(3320, 3320)
(3321, 3321)
(3322, 3322)
(3323, 3323)
(3324, 3324)
(3325, 3325)
(3326, 3326)
(3327, 3327)
(3328, 3328)
(3329, 3329)
(3330, 3330)
(3331, 3331)
(3332, 3332)
(3333, 3333)
(3334, 3334)
(3335, 3335)
(3336, 3336)
(3337, 3337)
(3338, 3338)
(3339, 3339)
(3340, 3340)
(3341, 3341)
(3342, 3342)
(3343, 3343)
(3344, 3344)
(3345, 3345)
(3346, 3346)
(3347, 3347)
(3348, 3348)
(3349, 3349)
(3350, 3350)
(3351, 3351)
(3352, 3352)
(3353, 3353)
(3354, 3354)
(3355, 3355)
(3356, 3356)
(3357, 3357)
(3358, 3358)
(3359, 3359)
(3360, 3360)
(3361, 3361)
(3362, 3362)
(3363, 3363)
(3363, 3364)
(3364, 3364)
(3364, 3365)
(3365, 3365)
(3365, 3366)
(3366, 3366)
(3366, 3367)
(3367, 3368)
(3367, 3367)
(3368, 3368)
(3368, 3369)
(3369, 3369)
(3369, 3370)
(3370, 3370)
(3370, 3371)
(3371, 3371)
(3371, 3372)
(3372, 3372)
(3372, 3373)
(3373, 3373)
(3373, 3374)
(3374, 3374)
(3374, 3375)
(3375, 3376)
(3375, 3375)
(3376, 3376)
(3376, 3377)
(3377, 3377)
(3377, 3378)
(3378, 3378)
(3378, 3379)
(3379, 3379)
(3379, 3380)
(3380, 3380)
(3380, 3381)
(3381, 3381)
(3381, 3382)
(3382, 3382)
(3382, 3383)
(3383, 3383)
(3383, 3384)
(3384, 3384)
(3384, 3385)
(3385, 3385)
(3386, 3386)
(3387, 3387)
(3388, 3388)
(3389, 3389)
(3390, 3390)
(3391, 3391)
(3392, 3392)
(3393, 3393)
(3394, 3394)
(3395, 3395)
(3396, 3396)
(3397, 3397)
(3398, 3398)
(3399, 3399)
(3400, 3400)
(3401, 3401)
(3402, 3402)
(3403, 3403)
(3404, 3404)
(3405, 3405)
(3406, 3406)
(3407, 3407)
(3408, 3408)
(3409, 3409)
(3410, 3410)
(3411, 3411)
(3412, 3412)
(3413, 3413)
(3414, 3414)
(3415, 3415)
(3416, 3416)
(3417, 3417)
(3418, 3418)
(3419, 3419)
(3419, 3420)
(3420, 3420)
(3421, 3421)
(3421, 3422)
(3422, 3422)
(3422, 3423)
(3423, 3424)
(3423, 3423)
(3424, 3424)
(3424, 3425)
(3425, 3425)
(3425, 3426)
(3426, 3426)
(3426, 3427)
(3427, 3427)
(3427, 3428)
(3428, 3428)
(3428, 3429)
(3429, 3429)
(3429, 3430)
(3430, 3430)
(3430, 3431)
(3431, 3431)
(3431, 3432)
(3432, 3432)
(3432, 3433)
(3433, 3433)
(3433, 3434)
(3434, 3434)
(3434, 3435)
(3435, 3435)
(3436, 3436)
(3437, 3437)
(3438, 3438)
(3439, 3439)
(3440, 3440)
(3441, 3441)
(3442, 3442)
(3443, 3443)
(3444, 3444)
(3445, 3445)
(3446, 3446)
(3447, 3447)
(3448, 3448)
(3449, 3449)
(3450, 3450)
(3451, 3451)
(3452, 3452)
(3453, 3453)
(3454, 3454)
(3455, 3455)
(3456, 3456)
(3457, 3457)
(3458, 3458)
(3459, 3459)
(3460, 3460)
(3461, 3461)
(3462, 3462)
(3463, 3463)
(3464, 3464)
(3465, 3465)
(3466, 3466)
(3467, 3467)
(3468, 3468)
(3469, 3469)
(3470, 3470)
(3471, 3471)
(3472, 3472)
(3473, 3473)
(3474, 3474)
(3475, 3475)
(3476, 3476)
(3477, 3477)
(3478, 3478)
(3479, 3479)
(3480, 3480)
(3481, 3481)
(3482, 3482)
(3483, 3483)
(3484, 3484)
(3485, 3485)
(3486, 3486)
(3487, 3487)
(3488, 3488)
(3489, 3489)
(3490, 3490)
(3491, 3491)
(3492, 3492)
(3493, 3493)
(3494, 3494)
(3495, 3495)
(3496, 3496)
(3497, 3497)
(3498, 3498)
(3499, 3499)
(3500, 3500)
(3501, 3501)
(3502, 3502)
(3503, 3503)
(3504, 3504)
(3505, 3505)
(3506, 3506)
(3507, 3507)
(3508, 3508)
(3509, 3509)
(3510, 3510)
(3511, 3511)
(3512, 3512)
(3513, 3513)
(3513, 3514)
(3514, 3514)
(3514, 3515)
(3515, 3515)
(3515, 3516)
(3516, 3516)
(3516, 3517)
(3517, 3517)
(3517, 3518)
(3518, 3518)
(3518, 3519)
(3519, 3520)
(3519, 3519)
(3520, 3520)
(3520, 3521)
(3521, 3521)
(3521, 3522)
(3522, 3522)
(3522, 3523)
(3522, 3524)
(3523, 3523)
(3523, 3524)
(3523, 3525)
(3524, 3524)
(3524, 3525)
(3524, 3526)
(3525, 3525)
(3525, 3526)
(3525, 3527)
(3526, 3526)
(3526, 3527)
(3526, 3528)
(3527, 3527)
(3527, 3528)
(3527, 3529)
(3528, 3528)
(3528, 3529)
(3528, 3530)
(3529, 3529)
(3529, 3530)
(3529, 3531)
(3530, 3530)
(3530, 3531)
(3530, 3532)
(3531, 3531)
(3531, 3532)
(3531, 3533)
(3532, 3532)
(3532, 3533)
(3532, 3534)
(3533, 3533)
(3533, 3534)
(3533, 3535)
(3534, 3534)
(3534, 3535)
(3535, 3536)
(3535, 3535)
(3536, 3536)
(3536, 3537)
(3537, 3537)
(3537, 3538)
(3538, 3538)
(3538, 3539)
(3539, 3539)
(3539, 3540)
(3540, 3540)
(3540, 3541)
(3541, 3541)
(3541, 3542)
(3542, 3543)
(3542, 3542)
(3543, 3543)
(3543, 3544)
(3544, 3544)
(3544, 3545)
(3545, 3546)
(3545, 3545)
(3546, 3546)
(3546, 3547)
(3547, 3547)
(3547, 3548)
(3548, 3549)
(3548, 3548)
(3549, 3549)
(3549, 3550)
(3550, 3550)
(3551, 3551)
(3552, 3552)
(3553, 3553)
(3554, 3554)
(3555, 3555)
(3556, 3556)
(3557, 3557)
(3558, 3558)
(3559, 3559)
(3560, 3560)
(3561, 3561)
(3562, 3562)
(3563, 3563)
(3564, 3564)
(3565, 3565)
(3566, 3566)
(3567, 3567)
(3568, 3568)
(3569, 3569)
(3570, 3570)
(3571, 3571)
(3572, 3572)
(3573, 3573)
(3574, 3574)
(3575, 3575)
(3576, 3576)
(3577, 3577)
(3578, 3578)
(3579, 3579)
(3580, 3580)
(3581, 3581)
(3582, 3582)
(3583, 3583)
(3584, 3584)
(3585, 3585)
(3586, 3586)
(3587, 3587)
(3588, 3588)
(3589, 3589)
(3590, 3590)
(3591, 3591)
(3592, 3592)
(3593, 3593)
(3594, 3594)
(3595, 3595)
(3596, 3596)
(3597, 3597)
(3598, 3598)
(3599, 3599)
(3600, 3600)
(3601, 3601)
(3602, 3602)
(3603, 3603)
(3604, 3604)
(3605, 3605)
(3606, 3606)
(3607, 3607)
(3608, 3608)
(3609, 3609)
(3610, 3610)
(3611, 3611)
(3612, 3612)
(3613, 3613)
(3614, 3614)
(3615, 3615)
(3616, 3616)
(3617, 3617)
(3618, 3618)
(3619, 3619)
(3620, 3620)
(3621, 3621)
(3622, 3622)
(3623, 3623)
(3624, 3624)
(3625, 3625)
(3626, 3626)
(3627, 3627)
(3628, 3628)
(3629, 3629)
(3630, 3630)
(3631, 3631)
(3632, 3632)
(3633, 3633)
(3634, 3634)
(3635, 3635)
(3636, 3636)
(3637, 3637)
(3638, 3638)
(3639, 3639)
(3640, 3640)
(3641, 3641)
(3642, 3642)
(3643, 3643)
(3644, 3644)
(3645, 3645)
(3646, 3646)
(3647, 3647)
(3648, 3648)
(3649, 3649)
(3650, 3650)
(3651, 3651)
(3652, 3652)
(3653, 3653)
(3654, 3654)
(3655, 3655)
(3656, 3656)
(3657, 3657)
(3658, 3658)
(3659, 3659)
(3660, 3660)
(3661, 3661)
(3662, 3662)
(3663, 3663)
(3664, 3664)
(3665, 3665)
(3666, 3666)
(3667, 3667)
(3668, 3668)
(3669, 3669)
(3670, 3670)
(3671, 3672)
(3671, 3671)
(3672, 3672)
(3673, 3673)
(3674, 3674)
(3674, 3675)
(3675, 3675)
(3676, 3676)
(3677, 3677)
(3677, 3678)
(3678, 3678)
(3679, 3679)
(3680, 3680)
(3680, 3681)
(3681, 3681)
(3682, 3682)
(3683, 3683)
(3683, 3684)
(3684, 3684)
(3685, 3685)
(3686, 3686)
(3687, 3687)
(3688, 3688)
(3689, 3689)
(3690, 3690)
(3691, 3691)
(3692, 3692)
(3693, 3693)
(3694, 3694)
(3695, 3695)
(3696, 3696)
(3697, 3697)
(3698, 3698)
(3699, 3699)
(3700, 3700)
(3701, 3701)
(3702, 3702)
(3703, 3703)
(3704, 3704)
(3705, 3705)
(3706, 3706)
(3707, 3707)
(3708, 3708)
(3709, 3709)
(3710, 3710)
(3711, 3711)
(3712, 3712)
(3713, 3713)
(3714, 3714)
(3715, 3715)
(3716, 3716)
(3717, 3717)
(3718, 3718)
(3719, 3719)
(3720, 3720)
(3721, 3721)
(3722, 3722)
(3723, 3723)
(3724, 3724)
(3725, 3725)
(3726, 3726)
(3727, 3727)
(3728, 3728)
(3729, 3729)
(3730, 3730)
(3731, 3731)
(3732, 3732)
(3733, 3733)
(3734, 3734)
(3735, 3735)
(3736, 3736)
(3737, 3737)
(3738, 3738)
(3739, 3739)
(3740, 3740)
(3741, 3741)
(3742, 3742)
(3743, 3743)
(3744, 3744)
(3745, 3745)
(3746, 3746)
(3747, 3747)
(3748, 3748)
(3749, 3749)
(3750, 3750)
(3751, 3751)
(3752, 3752)
(3753, 3753)
(3754, 3754)
(3755, 3755)
(3756, 3756)
(3757, 3757)
(3758, 3758)
(3759, 3759)
(3760, 3760)
(3761, 3761)
(3762, 3762)
(3763, 3763)
(3764, 3764)
(3765, 3765)
(3766, 3766)
(3767, 3767)
(3768, 3768)
(3769, 3769)
(3770, 3770)
(3771, 3771)
(3772, 3772)
(3773, 3773)
(3774, 3774)
(3775, 3775)
(3776, 3776)
(3777, 3777)
(3778, 3778)
(3779, 3779)
(3780, 3780)
(3781, 3781)
(3782, 3782)
(3783, 3783)
(3784, 3784)
(3785, 3785)
(3786, 3786)
(3787, 3787)
(3788, 3788)
(3789, 3789)
(3790, 3790)
(3791, 3791)
(3792, 3792)
(3793, 3793)
(3794, 3794)
(3795, 3795)
(3796, 3796)
(3797, 3797)
(3798, 3798)
(3799, 3799)
(3800, 3800)
(3801, 3801)
(3802, 3802)
(3803, 3803)
(3804, 3804)
(3805, 3805)
(3806, 3806)
(3807, 3807)
(3808, 3808)
(3809, 3809)
(3810, 3810)
(3811, 3811)
(3812, 3812)
(3813, 3813)
(3814, 3814)
(3815, 3815)
(3816, 3816)
(3817, 3817)
(3818, 3818)
(3819, 3819)
(3820, 3820)
(3821, 3821)
(3822, 3822)
(3823, 3823)
(3824, 3824)
(3825, 3825)
(3826, 3826)
(3827, 3827)
(3828, 3828)
(3829, 3829)
(3830, 3830)
(3831, 3831)
(3832, 3832)
(3833, 3833)
(3834, 3834)
(3835, 3835)
(3836, 3836)
(3837, 3837)
(3838, 3838)
(3839, 3839)
(3840, 3840)
(3841, 3841)
(3842, 3842)
(3843, 3843)
(3844, 3844)
(3845, 3845)
(3846, 3846)
(3847, 3847)
(3848, 3848)
(3849, 3849)
(3850, 3850)
(3851, 3851)
(3852, 3852)
(3853, 3853)
(3854, 3854)
(3855, 3855)
(3856, 3856)
(3857, 3857)
(3858, 3858)
(3859, 3859)
(3860, 3860)
(3861, 3861)
(3862, 3862)
(3863, 3863)
(3864, 3864)
(3865, 3865)
(3866, 3866)
(3867, 3867)
(3868, 3868)
(3869, 3869)
(3870, 3870)
(3871, 3871)
(3872, 3872)
(3873, 3873)
(3874, 3874)
(3875, 3875)
(3876, 3876)
(3877, 3877)
(3878, 3878)
(3879, 3879)
(3880, 3880)
(3881, 3881)
(3882, 3882)
(3883, 3883)
(3884, 3884)
(3885, 3885)
(3886, 3886)
(3887, 3887)
(3888, 3888)
(3889, 3889)
(3890, 3890)
(3891, 3891)
(3892, 3892)
(3893, 3893)
(3894, 3894)
(3895, 3895)
(3896, 3896)
(3897, 3897)
(3898, 3898)
(3899, 3899)
(3900, 3900)
(3901, 3901)
(3902, 3902)
(3903, 3903)
(3904, 3904)
(3905, 3905)
(3906, 3906)
(3907, 3907)
(3907, 3908)
(3908, 3908)
(3908, 3909)
(3909, 3909)
(3909, 3910)
(3910, 3910)
(3910, 3911)
(3911, 3912)
(3911, 3911)
(3912, 3912)
(3912, 3913)
(3913, 3913)
(3913, 3914)
(3914, 3914)
(3914, 3915)
(3915, 3915)
(3915, 3916)
(3916, 3916)
(3916, 3917)
(3917, 3917)
(3917, 3918)
(3918, 3918)
(3918, 3919)
(3919, 3920)
(3919, 3919)
(3920, 3920)
(3920, 3921)
(3921, 3921)
(3921, 3922)
(3922, 3922)
(3922, 3923)
(3923, 3923)
(3923, 3924)
(3924, 3924)
(3924, 3925)
(3925, 3925)
(3925, 3926)
(3926, 3926)
(3926, 3927)
(3927, 3928)
(3927, 3927)
(3928, 3928)
(3928, 3929)
(3929, 3929)
(3929, 3930)
(3930, 3930)
(3930, 3931)
(3931, 3931)
(3931, 3932)
(3932, 3932)
(3932, 3933)
(3933, 3933)
(3933, 3934)
(3934, 3934)
(3934, 3935)
(3935, 3936)
(3935, 3935)
(3936, 3936)
(3936, 3937)
(3937, 3937)
(3937, 3938)
(3938, 3938)
(3938, 3939)
(3939, 3939)
(3939, 3940)
(3940, 3940)
(3940, 3941)
(3941, 3941)
(3941, 3942)
(3942, 3942)
(3942, 3943)
(3943, 3944)
(3943, 3943)
(3944, 3944)
(3944, 3945)
(3945, 3945)
(3945, 3946)
(3946, 3946)
(3946, 3947)
(3947, 3947)
(3947, 3948)
(3948, 3948)
(3948, 3949)
(3949, 3949)
(3949, 3950)
(3950, 3950)
(3950, 3951)
(3951, 3952)
(3951, 3951)
(3952, 3952)
(3952, 3953)
(3953, 3953)
(3953, 3954)
(3954, 3954)
(3954, 3955)
(3955, 3955)
(3955, 3956)
(3956, 3956)
(3956, 3957)
(3957, 3957)
(3957, 3958)
(3958, 3958)
(3958, 3959)
(3959, 3960)
(3959, 3959)
(3960, 3960)
(3960, 3961)
(3961, 3961)
(3961, 3962)
(3962, 3962)
(3962, 3963)
(3963, 3963)
(3963, 3964)
(3964, 3964)
(3964, 3965)
(3965, 3965)
(3965, 3966)
(3966, 3966)
(3967, 3967)
(3968, 3968)
(3969, 3969)
(3970, 3970)
(3971, 3971)
(3972, 3972)
(3973, 3973)
(3974, 3974)
(3975, 3975)
(3976, 3976)
(3977, 3977)
(3978, 3978)
(3979, 3979)
(3980, 3980)
(3981, 3981)
(3982, 3982)
(3983, 3983)
(3984, 3984)
(3985, 3985)
(3986, 3986)
(3987, 3987)
(3988, 3988)
(3989, 3989)
(3990, 3990)
(3991, 3991)
(3992, 3992)
(3993, 3993)
(3994, 3994)
(3995, 3995)
(3996, 3996)
(3997, 3997)
(3998, 3998)
(3999, 3999)
(4000, 4000)
(4001, 4001)
(4002, 4002)
(4003, 4003)
(4004, 4004)
(4005, 4005)
(4006, 4006)
(4007, 4007)
(4008, 4008)
(4009, 4009)
(4010, 4010)
(4011, 4011)
(4012, 4012)
(4013, 4013)
(4014, 4014)
(4015, 4015)
(4016, 4016)
(4017, 4017)
(4018, 4018)
(4019, 4019)
(4020, 4020)
(4021, 4021)
(4022, 4022)
(4023, 4023)
(4024, 4024)
(4025, 4025)
(4026, 4026)
(4027, 4027)
(4028, 4028)
(4029, 4029)
(4030, 4030)
(4031, 4031)
(4032, 4032)
(4033, 4033)
(4034, 4034)
(4035, 4035)
(4036, 4036)
(4037, 4037)
(4038, 4038)
(4039, 4039)
(4040, 4040)
(4041, 4041)
(4042, 4042)
(4043, 4043)
(4044, 4044)
(4045, 4045)
(4046, 4046)
(4047, 4047)
(4048, 4048)
(4049, 4049)
(4050, 4050)
(4051, 4051)
(4052, 4052)
(4053, 4053)
(4054, 4054)
(4055, 4055)
(4056, 4056)
(4057, 4057)
(4058, 4058)
(4059, 4059)
(4060, 4060)
(4061, 4061)
(4062, 4062)
(4063, 4063)
(4064, 4064)
(4065, 4065)
(4066, 4066)
(4067, 4067)
(4068, 4068)
(4069, 4069)
(4070, 4070)
(4071, 4071)
(4072, 4072)
(4073, 4073)
(4074, 4074)
(4075, 4075)
(4076, 4076)
(4077, 4077)
(4078, 4078)
(4079, 4079)
(4080, 4080)
(4081, 4081)
(4082, 4082)
(4083, 4083)
(4084, 4084)
(4085, 4085)
(4086, 4086)
(4087, 4087)
(4088, 4088)
(4089, 4089)
(4090, 4090)
(4091, 4091)
(4092, 4092)
(4093, 4093)
(4094, 4094)
(4095, 4095)
(4096, 4096)
(4097, 4097)
(4098, 4098)
(4099, 4099)
(4100, 4100)
(4101, 4101)
(4102, 4102)
(4103, 4103)
(4104, 4104)
(4105, 4105)
(4106, 4106)
(4107, 4107)
(4108, 4108)
(4109, 4109)
(4110, 4110)
(4111, 4111)
(4112, 4112)
(4113, 4113)
(4114, 4114)
(4115, 4115)
(4116, 4116)
(4117, 4117)
(4118, 4118)
(4119, 4119)
(4120, 4120)
(4121, 4121)
(4122, 4122)
(4123, 4123)
(4124, 4124)
(4125, 4125)
(4126, 4126)
(4127, 4127)
(4128, 4128)
(4129, 4129)
(4130, 4130)
(4131, 4131)
(4132, 4132)
(4133, 4133)
(4134, 4134)
(4135, 4135)
(4136, 4136)
(4137, 4137)
(4138, 4138)
(4139, 4139)
(4140, 4140)
(4141, 4141)
(4142, 4142)
(4143, 4143)
(4144, 4144)
(4145, 4145)
(4146, 4146)
(4147, 4147)
(4148, 4148)
(4149, 4149)
(4150, 4150)
(4151, 4151)
(4152, 4152)
(4153, 4153)
(4154, 4154)
(4155, 4155)
(4156, 4156)
(4157, 4157)
(4158, 4158)
(4159, 4159)
(4160, 4160)
(4161, 4161)
(4162, 4162)
(4163, 4163)
(4164, 4164)
(4165, 4165)
(4166, 4166)
(4167, 4167)
(4168, 4168)
(4169, 4169)
(4170, 4170)
(4171, 4171)
(4172, 4172)
(4173, 4173)
(4174, 4174)
(4175, 4175)
(4176, 4176)
(4177, 4177)
(4178, 4178)
(4179, 4179)
(4180, 4180)
(4181, 4181)
(4182, 4182)
(4183, 4183)
(4184, 4184)
(4185, 4185)
(4186, 4186)
(4187, 4187)
(4188, 4188)
(4189, 4189)
(4190, 4190)
(4191, 4191)
(4192, 4192)
(4193, 4193)
(4194, 4194)
(4195, 4195)
(4196, 4196)
(4197, 4197)
(4198, 4198)
(4199, 4199)
(4200, 4200)
(4201, 4201)
(4202, 4202)
(4203, 4203)
(4204, 4204)
(4205, 4205)
(4206, 4206)
(4207, 4207)
(4208, 4208)
(4209, 4209)
(4210, 4210)
(4211, 4211)
(4212, 4212)
(4213, 4213)
(4214, 4214)
(4215, 4215)
(4216, 4216)
(4217, 4217)
(4218, 4218)
(4219, 4219)
(4220, 4220)
(4221, 4221)
(4222, 4222)
(4223, 4223)
(4224, 4224)
(4225, 4225)
(4226, 4226)
(4227, 4227)
(4228, 4228)
(4229, 4229)
(4230, 4230)
(4231, 4231)
(4232, 4232)
(4233, 4233)
(4234, 4234)
(4235, 4235)
(4236, 4236)
(4237, 4237)
(4238, 4238)
(4239, 4239)
(4240, 4240)
(4241, 4241)
(4242, 4242)
(4243, 4243)
(4244, 4244)
(4245, 4245)
(4246, 4246)
(4247, 4247)
(4248, 4248)
(4249, 4249)
(4250, 4250)
(4251, 4251)
(4252, 4252)
(4253, 4253)
(4254, 4254)
(4255, 4255)
(4256, 4256)
(4257, 4257)
(4258, 4258)
(4259, 4259)
(4260, 4260)
(4261, 4261)
(4262, 4262)
(4263, 4263)
(4264, 4264)
(4265, 4265)
(4266, 4266)
(4267, 4267)
(4268, 4268)
(4269, 4269)
(4270, 4270)
(4271, 4271)
(4272, 4272)
(4273, 4273)
(4274, 4274)
(4275, 4275)
(4276, 4276)
(4277, 4277)
(4278, 4278)
(4279, 4279)
(4280, 4280)
(4281, 4281)
(4282, 4282)
(4283, 4283)
(4284, 4284)
(4285, 4285)
(4286, 4286)
(4287, 4287)
(4288, 4288)
(4289, 4289)
(4290, 4290)
(4291, 4291)
(4292, 4292)
(4293, 4293)
(4294, 4294)
(4295, 4295)
(4296, 4296)
(4297, 4297)
(4298, 4298)
(4299, 4299)
(4300, 4300)
(4301, 4301)
(4302, 4302)
(4303, 4303)
(4304, 4304)
(4305, 4305)
(4306, 4306)
(4307, 4307)
(4308, 4308)
(4309, 4309)
(4310, 4310)
(4311, 4311)
(4312, 4312)
(4313, 4313)
(4314, 4314)
(4315, 4315)
(4316, 4316)
(4317, 4317)
(4318, 4318)
(4319, 4319)
(4320, 4320)
(4321, 4321)
(4322, 4322)
(4323, 4323)
(4324, 4324)
(4325, 4325)
(4326, 4326)
(4327, 4327)
(4328, 4328)
(4329, 4329)
(4330, 4330)
(4331, 4331)
(4332, 4332)
(4333, 4333)
(4334, 4334)
(4335, 4335)
(4336, 4336)
(4337, 4337)
(4338, 4338)
(4339, 4339)
(4340, 4340)
(4341, 4341)
(4342, 4342)
(4343, 4343)
(4344, 4344)
(4345, 4345)
(4346, 4346)
(4347, 4347)
(4348, 4348)
(4349, 4349)
(4350, 4350)
(4351, 4351)
(4352, 4352)
(4353, 4353)
(4354, 4354)
(4355, 4355)
(4356, 4356)
(4357, 4357)
(4358, 4358)
(4359, 4359)
(4360, 4360)
(4361, 4361)
(4362, 4362)
(4363, 4363)
(4364, 4364)
(4365, 4365)
(4366, 4366)
(4367, 4367)
(4368, 4368)
(4369, 4369)
(4370, 4370)
(4371, 4371)
(4372, 4372)
(4373, 4373)
(4374, 4374)
(4375, 4375)
(4376, 4376)
(4377, 4377)
(4378, 4378)
(4379, 4379)
(4380, 4380)
(4381, 4381)
(4382, 4382)
(4383, 4383)
(4384, 4384)
(4385, 4385)
(4386, 4386)
(4387, 4387)
(4388, 4388)
(4389, 4389)
(4390, 4390)
(4391, 4391)
(4392, 4392)
(4393, 4393)
(4394, 4394)
(4395, 4395)
(4396, 4396)
(4397, 4397)
(4398, 4398)
(4399, 4399)
(4400, 4400)
(4401, 4401)
(4402, 4402)
(4403, 4403)
(4404, 4404)
(4404, 4405)
(4405, 4405)
(4405, 4406)
(4406, 4406)
(4406, 4407)
(4407, 4408)
(4407, 4407)
(4408, 4408)
(4408, 4409)
(4409, 4409)
(4409, 4410)
(4410, 4410)
(4410, 4411)
(4411, 4411)
(4411, 4412)
(4412, 4412)
(4412, 4413)
(4413, 4413)
(4413, 4414)
(4414, 4414)
(4414, 4415)
(4415, 4416)
(4415, 4415)
(4416, 4416)
(4416, 4417)
(4417, 4417)
(4417, 4418)
(4418, 4418)
(4418, 4419)
(4419, 4419)
(4419, 4420)
(4420, 4420)
(4420, 4421)
(4420, 4422)
(4421, 4421)
(4421, 4422)
(4421, 4423)
(4422, 4422)
(4422, 4423)
(4422, 4424)
(4423, 4423)
(4423, 4424)
(4423, 4425)
(4424, 4424)
(4424, 4425)
(4424, 4426)
(4425, 4425)
(4425, 4426)
(4425, 4427)
(4426, 4426)
(4426, 4427)
(4426, 4428)
(4427, 4427)
(4427, 4428)
(4427, 4429)
(4428, 4428)
(4428, 4429)
(4429, 4429)
(4429, 4430)
(4430, 4430)
(4430, 4431)
(4431, 4432)
(4431, 4431)
(4432, 4432)
(4432, 4433)
(4433, 4433)
(4433, 4434)
(4434, 4434)
(4434, 4435)
(4435, 4435)
(4435, 4436)
(4436, 4436)
(4436, 4437)
(4437, 4437)
(4437, 4438)
(4438, 4438)
(4438, 4439)
(4439, 4440)
(4439, 4439)
(4440, 4440)
(4440, 4441)
(4441, 4441)
(4441, 4442)
(4442, 4442)
(4442, 4443)
(4443, 4443)
(4443, 4444)
(4444, 4444)
(4444, 4445)
(4445, 4445)
(4446, 4446)
(4447, 4447)
(4448, 4448)
(4449, 4449)
(4450, 4450)
(4451, 4451)
(4452, 4452)
(4453, 4453)
(4454, 4454)
(4455, 4455)
(4456, 4456)
(4457, 4457)
(4458, 4458)
(4459, 4459)
(4460, 4460)
(4461, 4461)
(4462, 4462)
(4463, 4463)
(4464, 4464)
(4465, 4465)
(4466, 4466)
(4467, 4467)
(4468, 4468)
(4469, 4469)
(4470, 4470)
(4471, 4471)
(4472, 4472)
(4473, 4473)
(4474, 4474)
(4475, 4475)
(4476, 4476)
(4477, 4477)
(4478, 4478)
(4479, 4479)
(4480, 4480)
(4481, 4481)
(4482, 4482)
(4483, 4483)
(4484, 4484)
(4485, 4485)
(4486, 4486)
(4487, 4487)
(4488, 4488)
(4489, 4489)
(4490, 4490)
(4491, 4491)
(4492, 4492)
(4493, 4493)
(4494, 4494)
(4495, 4495)
(4496, 4496)
(4497, 4497)
(4498, 4498)
(4499, 4499)
(4500, 4500)
(4501, 4501)
(4502, 4502)
(4503, 4503)
(4504, 4504)
(4505, 4505)
(4506, 4506)
(4507, 4507)
(4508, 4508)
(4509, 4509)
(4510, 4510)
(4511, 4511)
(4512, 4512)
(4513, 4513)
(4514, 4514)
(4515, 4515)
(4516, 4516)
(4517, 4517)
(4518, 4518)
(4519, 4519)
(4520, 4520)
(4521, 4521)
(4522, 4522)
(4523, 4523)
(4524, 4524)
(4525, 4525)
(4526, 4526)
(4527, 4527)
(4528, 4528)
(4529, 4529)
(4530, 4530)
(4531, 4531)
(4532, 4532)
(4533, 4533)
(4534, 4534)
(4535, 4535)
(4536, 4536)
(4537, 4537)
(4538, 4538)
(4539, 4539)
(4540, 4540)
