(0, 0)
(0, 1)
(0, 2)
(0, 3)
(1, 1)
(1, 2)
(1, 3)
(1, 4)
(2, 2)
(2, 3)
(2, 4)
(3, 3)
(3, 4)
(3, 5)
(4, 4)
(4, 5)
(4, 6)
(5, 5)
(5, 6)
(5, 7)
(6, 6)
(6, 7)
(6, 8)
(7, 7)
(7, 8)
(7, 9)
(8, 8)
(8, 9)
(9, 9)
(9, 10)
(10, 10)
(10, 11)
(11, 11)
(11, 12)
(12, 12)
(12, 13)
(13, 13)
(13, 14)
(14, 14)
(14, 15)
(15, 16)
(15, 15)
(16, 16)
(16, 17)
(17, 17)
(17, 18)
(18, 18)
(18, 19)
(19, 19)
(19, 20)
(20, 20)
(20, 21)
(21, 21)
(21, 22)
(22, 22)
(22, 23)
(23, 24)
(23, 23)
(24, 24)
(25, 25)
(26, 26)
(27, 27)
(28, 28)
(29, 29)
(30, 30)
(31, 31)
(32, 32)
(33, 33)
(34, 34)
(35, 35)
(36, 36)
(37, 37)
(38, 38)
(39, 39)
(40, 40)
(41, 41)
(42, 42)
(43, 43)
(44, 44)
(45, 45)
(46, 46)
(47, 47)
(48, 48)
(49, 49)
(50, 50)
(51, 51)
(52, 52)
(53, 53)
(54, 54)
(55, 55)
(56, 56)
(57, 57)
(58, 58)
(59, 59)
(60, 60)
(61, 61)
(62, 62)
(63, 63)
(64, 64)
(65, 65)
(66, 66)
(67, 67)
(68, 68)
(69, 69)
(70, 70)
(71, 71)
(72, 72)
(73, 73)
(74, 74)
(75, 75)
(76, 76)
(77, 77)
(78, 78)
(79, 79)
(80, 80)
(81, 81)
(82, 82)
(83, 83)
(84, 84)
(85, 85)
(86, 86)
(87, 87)
(88, 88)
(89, 89)
(90, 90)
(91, 91)
(92, 92)
(93, 93)
(94, 94)
(95, 95)
(96, 96)
(97, 97)
(98, 98)
(99, 99)
(100, 100)
(101, 101)
(102, 102)
(103, 103)
(104, 104)
(105, 105)
(106, 106)
(107, 107)
(108, 108)
(109, 109)
(110, 110)
(111, 111)
(112, 112)
(113, 113)
(114, 114)
(115, 115)
(116, 116)
(117, 117)
(118, 118)
(119, 119)
(120, 120)
(121, 121)
(122, 122)
(123, 123)
(124, 124)
(125, 125)
(126, 126)
(127, 127)
(128, 128)
(129, 129)
(130, 130)
(131, 131)
(132, 132)
(133, 133)
(134, 134)
(135, 135)
(136, 136)
(137, 137)
(138, 138)
(139, 139)
(140, 140)
(141, 141)
(142, 142)
(143, 143)
(144, 144)
(145, 145)
(146, 146)
(147, 147)
(148, 148)
(149, 149)
(150, 150)
(151, 151)
(152, 152)
(153, 153)
(154, 154)
(155, 155)
(156, 156)
(157, 157)
(158, 158)
(159, 159)
(160, 160)
(161, 161)
(162, 162)
(163, 163)
(164, 164)
(165, 165)
(166, 166)
(167, 167)
(168, 168)
(169, 169)
(170, 170)
(171, 171)
(172, 172)
(173, 173)
(174, 174)
(175, 175)
(176, 176)
(177, 177)
(178, 178)
(179, 179)
(180, 180)
(181, 181)
(182, 182)
(183, 183)
(184, 184)
(185, 185)
(186, 186)
(187, 187)
(188, 188)
(189, 189)
(190, 190)
(191, 191)
(192, 192)
(193, 193)
(194, 194)
(195, 195)
(196, 196)
(197, 197)
(198, 198)
(199, 199)
(200, 200)
(201, 201)
(202, 202)
(203, 203)
(204, 204)
(205, 205)
(206, 206)
(207, 207)
(208, 208)
(209, 209)
(210, 210)
(211, 211)
(212, 212)
(213, 213)
(214, 214)
(215, 215)
(216, 216)
(217, 217)
(218, 218)
(219, 219)
(220, 220)
(221, 221)
(222, 222)
(223, 223)
(224, 224)
(225, 225)
(226, 226)
(227, 227)
(228, 228)
(229, 229)
(230, 230)
(231, 231)
(232, 232)
(233, 233)
(234, 234)
(235, 235)
(236, 236)
(237, 237)
(238, 238)
(239, 239)
(240, 240)
(241, 241)
(242, 242)
(243, 243)
(244, 244)
(245, 245)
(246, 246)
(247, 247)
(248, 248)
(249, 249)
(250, 250)
(251, 251)
(252, 252)
(253, 253)
(254, 254)
(255, 255)
(256, 256)
(257, 257)
(258, 258)
(259, 259)
(260, 260)
(261, 261)
(262, 262)
(263, 263)
(264, 264)
(265, 265)
(266, 266)
(267, 267)
(268, 268)
(269, 269)
(270, 270)
(271, 271)
(272, 272)
(273, 273)
(274, 274)
(275, 275)
(276, 276)
(277, 277)
(278, 278)
(279, 279)
(280, 280)
(281, 281)
(282, 282)
(283, 283)
(284, 284)
(285, 285)
(286, 286)
(287, 287)
(288, 288)
(289, 289)
(290, 290)
(291, 291)
(292, 292)
(293, 293)
(294, 294)
(295, 295)
(296, 296)
(297, 297)
(298, 298)
(299, 299)
(300, 300)
(301, 301)
(302, 302)
(303, 303)
(304, 304)
(305, 305)
(306, 306)
(307, 307)
(308, 308)
(309, 309)
(310, 310)
(311, 311)
(312, 312)
(313, 313)
(314, 314)
(315, 315)
(316, 316)
(317, 317)
(318, 318)
(319, 319)
(320, 320)
(321, 321)
(322, 322)
(323, 323)
(324, 324)
(325, 325)
(326, 326)
(327, 327)
(328, 328)
(329, 329)
(330, 330)
(331, 331)
(332, 332)
(333, 333)
(334, 334)
(335, 335)
(336, 336)
(337, 337)
(338, 338)
(339, 339)
(340, 340)
(341, 341)
(342, 342)
(343, 343)
(344, 344)
(345, 345)
(346, 346)
(347, 347)
(348, 348)
(349, 349)
(350, 350)
(351, 351)
(352, 352)
(353, 353)
(354, 354)
(355, 355)
(356, 356)
(357, 357)
(358, 358)
(359, 359)
(360, 360)
(361, 361)
(362, 362)
(363, 363)
(364, 364)
(365, 365)
(366, 366)
(367, 367)
(368, 368)
(369, 369)
(370, 370)
(371, 371)
(372, 372)
(373, 373)
(374, 374)
(375, 375)
(376, 376)
(377, 377)
(378, 378)
(379, 379)
(380, 380)
(381, 381)
(382, 382)
(383, 383)
(384, 384)
(385, 385)
(386, 386)
(387, 387)
(388, 388)
(389, 389)
(390, 390)
(391, 391)
(392, 392)
(393, 393)
(394, 394)
(395, 395)
(396, 396)
(397, 397)
(398, 398)
(399, 399)
(400, 400)
(401, 401)
(402, 402)
(403, 403)
(404, 404)
(405, 405)
(406, 406)
(407, 407)
(408, 408)
(409, 409)
(410, 410)
(411, 411)
(412, 412)
(413, 413)
(414, 414)
(415, 415)
(416, 416)
(417, 417)
(418, 418)
(419, 419)
(420, 420)
(421, 421)
(422, 422)
(423, 423)
(424, 424)
(425, 425)
(426, 426)
(427, 427)
(428, 428)
(429, 429)
(430, 430)
(431, 431)
(432, 432)
(433, 433)
(434, 434)
(435, 435)
(436, 436)
(437, 437)
(438, 438)
(439, 439)
(440, 440)
(441, 441)
(442, 442)
(443, 443)
(444, 444)
(445, 445)
(446, 446)
(447, 447)
(448, 448)
(449, 449)
(450, 450)
(451, 451)
(452, 452)
(453, 453)
(454, 454)
(455, 455)
(456, 456)
(457, 457)
(458, 458)
(459, 459)
(460, 460)
(461, 461)
(462, 462)
(463, 463)
(464, 464)
(465, 465)
(466, 466)
(467, 467)
(468, 468)
(469, 469)
(470, 470)
(471, 471)
(472, 472)
(473, 473)
(474, 474)
(475, 475)
(476, 476)
(477, 477)
(478, 478)
(479, 479)
(480, 480)
(481, 481)
(482, 482)
(483, 483)
(484, 484)
(485, 485)
(486, 486)
(487, 487)
(488, 488)
(489, 489)
(490, 490)
(491, 491)
(492, 492)
(493, 493)
(494, 494)
(495, 495)
(496, 496)
(497, 497)
(498, 498)
(499, 499)
(500, 500)
(501, 501)
(502, 502)
(503, 503)
(504, 504)
(505, 505)
(506, 506)
(507, 507)
(508, 508)
(509, 509)
(510, 510)
(511, 511)
(512, 512)
(513, 513)
(514, 514)
(515, 515)
(516, 516)
(517, 517)
(518, 518)
(519, 519)
(520, 520)
(521, 521)
(522, 522)
(523, 523)
(524, 524)
(525, 525)
(526, 526)
(527, 527)
(528, 528)
(529, 529)
(530, 530)
(531, 531)
(532, 532)
(533, 533)
(534, 534)
(535, 535)
(536, 536)
(537, 537)
(538, 538)
(539, 539)
(540, 540)
(541, 541)
(542, 542)
(543, 543)
(544, 544)
(545, 545)
(546, 546)
(547, 547)
(548, 548)
(549, 549)
(550, 550)
(551, 551)
(552, 552)
(553, 553)
(554, 554)
(555, 555)
(556, 556)
(557, 557)
(558, 558)
(559, 559)
(560, 560)
(561, 561)
(562, 562)
(563, 563)
(564, 564)
(565, 565)
(566, 566)
(567, 567)
(568, 568)
(569, 569)
(570, 570)
(571, 571)
(572, 572)
(573, 573)
(574, 574)
(575, 575)
(576, 576)
(577, 577)
(578, 578)
(579, 579)
(580, 580)
(581, 581)
(582, 582)
(583, 583)
(584, 584)
(585, 585)
(586, 586)
(587, 587)
(588, 588)
(589, 589)
(590, 590)
(591, 591)
(592, 592)
(593, 593)
(594, 594)
(595, 595)
(596, 596)
(597, 597)
(598, 598)
(599, 599)
(600, 600)
(601, 601)
(602, 602)
(603, 603)
(604, 604)
(605, 605)
(606, 606)
(607, 607)
(608, 608)
(609, 609)
(610, 610)
(611, 611)
(611, 612)
(612, 612)
(612, 613)
(613, 613)
(613, 614)
(614, 614)
(614, 615)
(615, 616)
(615, 615)
(616, 616)
(616, 617)
(617, 617)
(617, 618)
(618, 618)
(618, 619)
(619, 619)
(619, 620)
(620, 620)
(620, 621)
(621, 621)
(621, 622)
(622, 622)
(622, 623)
(623, 624)
(623, 625)
(623, 623)
(624, 624)
(624, 625)
(624, 626)
(625, 625)
(625, 626)
(625, 627)
(626, 626)
(626, 627)
(626, 628)
(626, 629)
(627, 627)
(627, 628)
(627, 629)
(627, 630)
(628, 628)
(628, 629)
(628, 630)
(628, 631)
(629, 629)
(629, 630)
(629, 631)
(629, 632)
(630, 630)
(630, 631)
(630, 632)
(630, 633)
(631, 631)
(631, 632)
(631, 633)
(631, 634)
(632, 632)
(632, 633)
(632, 634)
(632, 635)
(633, 633)
(633, 634)
(633, 635)
(633, 636)
(634, 634)
(634, 635)
(634, 636)
(634, 637)
(635, 635)
(635, 636)
(635, 637)
(635, 638)
(636, 636)
(636, 637)
(636, 638)
(636, 639)
(637, 637)
(637, 638)
(637, 639)
(638, 640)
(638, 638)
(638, 639)
(639, 640)
(639, 641)
(639, 639)
(640, 640)
(640, 641)
(640, 642)
(641, 641)
(641, 642)
(641, 643)
(642, 642)
(642, 643)
(642, 644)
(643, 643)
(643, 644)
(643, 645)
(644, 644)
(644, 645)
(645, 645)
(645, 646)
(646, 646)
(646, 647)
(647, 648)
(647, 647)
(648, 648)
(648, 649)
(649, 649)
(649, 650)
(650, 650)
(650, 651)
(651, 651)
(651, 652)
(652, 652)
(652, 653)
(653, 653)
(653, 654)
(654, 654)
(654, 655)
(655, 656)
(655, 655)
(656, 656)
(656, 657)
(657, 657)
(657, 658)
(658, 658)
(658, 659)
(659, 659)
(659, 660)
(660, 660)
(660, 661)
(661, 661)
(661, 662)
(662, 662)
(662, 663)
(663, 663)
(664, 664)
(665, 665)
(666, 666)
(667, 667)
(668, 668)
(669, 669)
(670, 670)
(671, 671)
(672, 672)
(673, 673)
(674, 674)
(675, 675)
(676, 676)
(677, 677)
(678, 678)
(679, 679)
(680, 680)
(681, 681)
(682, 682)
(683, 683)
(684, 684)
(685, 685)
(686, 686)
(687, 687)
(688, 688)
(689, 689)
(690, 690)
(691, 691)
(692, 692)
(693, 693)
(694, 694)
(695, 695)
(696, 696)
(697, 697)
(698, 698)
(699, 699)
(700, 700)
(701, 701)
(702, 702)
(703, 703)
(704, 704)
(705, 705)
(706, 706)
(707, 707)
(708, 708)
(709, 709)
(710, 710)
(711, 711)
(712, 712)
(713, 713)
(714, 714)
(715, 715)
(716, 716)
(717, 717)
(718, 718)
(719, 719)
(720, 720)
(721, 721)
(722, 722)
(723, 723)
(724, 724)
(725, 725)
(726, 726)
(727, 727)
(728, 728)
(729, 729)
(730, 730)
(731, 731)
(732, 732)
(733, 733)
(734, 734)
(735, 735)
(736, 736)
(737, 737)
(738, 738)
(739, 739)
(740, 740)
(741, 741)
(742, 742)
(743, 743)
(744, 744)
(745, 745)
(746, 746)
(747, 747)
(748, 748)
(749, 749)
(750, 750)
(751, 751)
(752, 752)
(753, 753)
(754, 754)
(755, 755)
(756, 756)
(757, 757)
(758, 758)
(759, 759)
(760, 760)
(761, 761)
(762, 762)
(763, 763)
(764, 764)
(765, 765)
(766, 766)
(767, 767)
(768, 768)
(769, 769)
(770, 770)
(771, 771)
(772, 772)
(773, 773)
(774, 774)
(775, 775)
(776, 776)
(777, 777)
(778, 778)
(779, 779)
(780, 780)
(781, 781)
(782, 782)
(783, 783)
(784, 784)
(785, 785)
(786, 786)
(787, 787)
(788, 788)
(789, 789)
(790, 790)
(791, 791)
(792, 792)
(793, 793)
(794, 794)
(795, 795)
(796, 796)
(797, 797)
(798, 798)
(799, 799)
(800, 800)
(801, 801)
(802, 802)
(803, 803)
(804, 804)
(805, 805)
(806, 806)
(807, 807)
(808, 808)
(809, 809)
(810, 810)
(811, 811)
(812, 812)
(813, 813)
(814, 814)
(815, 815)
(816, 816)
(817, 817)
(818, 818)
(819, 819)
(820, 820)
(821, 821)
(822, 822)
(823, 823)
(824, 824)
(825, 825)
(826, 826)
(827, 827)
(828, 828)
(829, 829)
(830, 830)
(831, 831)
(832, 832)
(833, 833)
(834, 834)
(835, 835)
(836, 836)
(837, 837)
(838, 838)
(839, 839)
(840, 840)
(841, 841)
(842, 842)
(843, 843)
(844, 844)
(845, 845)
(846, 846)
(847, 847)
(848, 848)
(849, 849)
(850, 850)
(851, 851)
(852, 852)
(853, 853)
(854, 854)
(855, 855)
(856, 856)
(857, 857)
(858, 858)
(858, 859)
(859, 859)
(860, 860)
(860, 861)
(861, 861)
(862, 862)
(863, 864)
(863, 863)
(864, 864)
(865, 865)
(865, 866)
(866, 866)
(867, 867)
(868, 868)
(869, 869)
(870, 870)
(871, 871)
(872, 872)
(873, 873)
(874, 874)
(875, 875)
(876, 876)
(877, 877)
(878, 878)
(879, 879)
(880, 880)
(881, 881)
(882, 882)
(883, 883)
(884, 884)
(885, 885)
(886, 886)
(887, 887)
(888, 888)
(889, 889)
(890, 890)
(891, 891)
(892, 892)
(893, 893)
(894, 894)
(895, 895)
(896, 896)
(897, 897)
(898, 898)
(899, 899)
(900, 900)
(901, 901)
(902, 902)
(903, 903)
(904, 904)
(905, 905)
(906, 906)
(907, 907)
(908, 908)
(909, 909)
(910, 910)
(911, 911)
(912, 912)
(913, 913)
(914, 914)
(915, 915)
(916, 916)
(917, 917)
(918, 918)
(919, 919)
(920, 920)
(921, 921)
(922, 922)
(923, 923)
(924, 924)
(925, 925)
(926, 926)
(927, 927)
(928, 928)
(929, 929)
(930, 930)
(931, 931)
(932, 932)
(933, 933)
(934, 934)
(935, 935)
(936, 936)
(937, 937)
(938, 938)
(939, 939)
(940, 940)
(941, 941)
(942, 942)
(943, 943)
(944, 944)
(945, 945)
(946, 946)
(947, 947)
(948, 948)
(949, 949)
(950, 950)
(951, 951)
(952, 952)
(953, 953)
(954, 954)
(955, 955)
(956, 956)
(957, 957)
(957, 958)
(958, 958)
(958, 959)
(959, 960)
(959, 959)
(960, 960)
(960, 961)
(961, 961)
(961, 962)
(962, 962)
(962, 963)
(963, 963)
(963, 964)
(964, 964)
(964, 965)
(965, 965)
(965, 966)
(965, 967)
(966, 968)
(966, 966)
(966, 967)
(967, 967)
(967, 968)
(967, 969)
(968, 968)
(968, 969)
(968, 970)
(969, 969)
(969, 970)
(969, 971)
(970, 970)
(970, 971)
(970, 972)
(971, 971)
(971, 972)
(971, 973)
(972, 972)
(972, 973)
(972, 974)
(973, 973)
(973, 974)
(973, 975)
(974, 976)
(974, 974)
(974, 975)
(975, 976)
(975, 977)
(975, 975)
(976, 976)
(976, 977)
(976, 978)
(977, 977)
(977, 978)
(977, 979)
(978, 978)
(978, 979)
(978, 980)
(979, 979)
(979, 980)
(979, 981)
(980, 980)
(980, 981)
(980, 982)
(981, 981)
(981, 982)
(981, 983)
(982, 982)
(982, 983)
(982, 984)
(983, 983)
(983, 984)
(983, 985)
(983, 986)
(984, 984)
(984, 985)
(984, 986)
(984, 987)
(985, 985)
(985, 986)
(985, 987)
(985, 988)
(986, 986)
(986, 987)
(986, 988)
(986, 989)
(987, 987)
(987, 988)
(987, 989)
(987, 990)
(988, 988)
(988, 989)
(988, 990)
(988, 991)
(989, 992)
(989, 989)
(989, 990)
(989, 991)
(990, 992)
(990, 993)
(990, 990)
(990, 991)
(991, 992)
(991, 993)
(991, 994)
(991, 991)
(992, 992)
(992, 993)
(992, 994)
(992, 995)
(993, 993)
(993, 994)
(993, 995)
(993, 996)
(994, 994)
(994, 995)
(994, 996)
(994, 997)
(995, 995)
(995, 996)
(995, 997)
(995, 998)
(996, 996)
(996, 997)
(996, 998)
(996, 999)
(997, 997)
(997, 998)
(997, 999)
(997, 1000)
(998, 998)
(998, 999)
(998, 1000)
(998, 1001)
(999, 999)
(999, 1000)
(999, 1001)
(999, 1002)
(1000, 1000)
(1000, 1001)
(1000, 1002)
(1001, 1001)
(1001, 1002)
(1001, 1003)
(1002, 1002)
(1002, 1003)
(1002, 1004)
(1003, 1003)
(1003, 1004)
(1003, 1005)
(1004, 1004)
(1004, 1005)
(1005, 1005)
(1005, 1006)
(1006, 1006)
(1006, 1007)
(1007, 1008)
(1007, 1007)
(1008, 1008)
(1008, 1009)
(1009, 1009)
(1009, 1010)
(1010, 1010)
(1010, 1011)
(1011, 1011)
(1011, 1012)
(1012, 1012)
(1012, 1013)
(1013, 1013)
(1013, 1014)
(1014, 1014)
(1015, 1015)
(1016, 1016)
(1017, 1017)
(1018, 1018)
(1019, 1019)
(1020, 1020)
(1021, 1021)
(1022, 1022)
(1023, 1023)
(1024, 1024)
(1025, 1025)
(1026, 1026)
(1027, 1027)
(1028, 1028)
(1029, 1029)
(1030, 1030)
(1031, 1031)
(1032, 1032)
(1033, 1033)
(1034, 1034)
(1035, 1035)
(1036, 1036)
(1037, 1037)
(1038, 1038)
(1039, 1039)
(1040, 1040)
(1041, 1041)
(1042, 1042)
(1043, 1043)
(1044, 1044)
(1045, 1045)
(1046, 1046)
(1047, 1047)
(1048, 1048)
(1049, 1049)
(1050, 1050)
(1051, 1051)
(1052, 1052)
(1053, 1053)
(1054, 1054)
(1055, 1055)
(1056, 1056)
(1057, 1057)
(1058, 1058)
(1059, 1059)
(1060, 1060)
(1061, 1061)
(1062, 1062)
(1063, 1063)
(1064, 1064)
(1065, 1065)
(1066, 1066)
(1067, 1067)
(1068, 1068)
(1069, 1069)
(1070, 1070)
(1071, 1071)
(1072, 1072)
(1073, 1073)
(1074, 1074)
(1075, 1075)
(1076, 1076)
(1077, 1077)
(1078, 1078)
(1079, 1079)
(1080, 1080)
(1081, 1081)
(1082, 1082)
(1083, 1083)
(1084, 1084)
(1085, 1085)
(1086, 1086)
(1087, 1087)
(1088, 1088)
(1089, 1089)
(1090, 1090)
(1091, 1091)
(1092, 1092)
(1093, 1093)
(1094, 1094)
(1095, 1095)
(1096, 1096)
(1097, 1097)
(1098, 1098)
(1099, 1099)
(1100, 1100)
(1101, 1101)
(1102, 1102)
(1103, 1103)
(1104, 1104)
(1105, 1105)
(1105, 1106)
(1106, 1106)
(1106, 1107)
(1107, 1107)
(1107, 1108)
(1108, 1108)
(1108, 1109)
(1109, 1109)
(1109, 1110)
(1110, 1110)
(1110, 1111)
(1111, 1112)
(1111, 1111)
(1112, 1112)
(1112, 1113)
(1113, 1113)
(1113, 1114)
(1114, 1114)
(1114, 1115)
(1115, 1115)
(1115, 1116)
(1116, 1116)
(1116, 1117)
(1117, 1117)
(1117, 1118)
(1118, 1118)
(1118, 1119)
(1119, 1120)
(1119, 1119)
(1120, 1120)
(1120, 1121)
(1121, 1121)
(1121, 1122)
(1122, 1122)
(1122, 1123)
(1123, 1123)
(1123, 1124)
(1124, 1124)
(1124, 1125)
(1125, 1125)
(1125, 1126)
(1126, 1128)
(1126, 1126)
(1126, 1127)
(1127, 1128)
(1127, 1129)
(1127, 1127)
(1128, 1128)
(1128, 1129)
(1128, 1130)
(1129, 1129)
(1129, 1130)
(1129, 1131)
(1130, 1130)
(1130, 1131)
(1130, 1132)
(1131, 1131)
(1131, 1132)
(1131, 1133)
(1132, 1132)
(1132, 1133)
(1132, 1134)
(1132, 1135)
(1133, 1136)
(1133, 1133)
(1133, 1134)
(1133, 1135)
(1134, 1136)
(1134, 1137)
(1134, 1134)
(1134, 1135)
(1135, 1136)
(1135, 1137)
(1135, 1138)
(1135, 1135)
(1136, 1136)
(1136, 1137)
(1136, 1138)
(1136, 1139)
(1136, 1140)
(1137, 1137)
(1137, 1138)
(1137, 1139)
(1137, 1140)
(1137, 1141)
(1138, 1138)
(1138, 1139)
(1138, 1140)
(1138, 1141)
(1138, 1142)
(1139, 1139)
(1139, 1140)
(1139, 1141)
(1139, 1142)
(1139, 1143)
(1139, 1144)
(1140, 1140)
(1140, 1141)
(1140, 1142)
(1140, 1143)
(1140, 1144)
(1140, 1145)
(1141, 1141)
(1141, 1142)
(1141, 1143)
(1141, 1144)
(1141, 1145)
(1141, 1146)
(1141, 1147)
(1142, 1142)
(1142, 1143)
(1142, 1144)
(1142, 1145)
(1142, 1146)
(1142, 1147)
(1142, 1148)
(1143, 1143)
(1143, 1144)
(1143, 1145)
(1143, 1146)
(1143, 1147)
(1143, 1148)
(1143, 1149)
(1143, 1150)
(1144, 1152)
(1144, 1144)
(1144, 1145)
(1144, 1146)
(1144, 1147)
(1144, 1148)
(1144, 1149)
(1144, 1150)
(1144, 1151)
(1145, 1152)
(1145, 1153)
(1145, 1154)
(1145, 1145)
(1145, 1146)
(1145, 1147)
(1145, 1148)
(1145, 1149)
(1145, 1150)
(1145, 1151)
(1146, 1152)
(1146, 1153)
(1146, 1154)
(1146, 1155)
(1146, 1156)
(1146, 1146)
(1146, 1147)
(1146, 1148)
(1146, 1149)
(1146, 1150)
(1146, 1151)
(1147, 1152)
(1147, 1153)
(1147, 1154)
(1147, 1155)
(1147, 1156)
(1147, 1157)
(1147, 1158)
(1147, 1159)
(1147, 1160)
(1147, 1147)
(1147, 1148)
(1147, 1149)
(1147, 1150)
(1147, 1151)
(1148, 1152)
(1148, 1153)
(1148, 1154)
(1148, 1155)
(1148, 1156)
(1148, 1157)
(1148, 1158)
(1148, 1159)
(1148, 1160)
(1148, 1161)
(1148, 1162)
(1148, 1163)
(1148, 1164)
(1148, 1148)
(1148, 1149)
(1148, 1150)
(1148, 1151)
(1149, 1152)
(1149, 1153)
(1149, 1154)
(1149, 1155)
(1149, 1156)
(1149, 1157)
(1149, 1158)
(1149, 1159)
(1149, 1160)
(1149, 1161)
(1149, 1162)
(1149, 1163)
(1149, 1164)
(1149, 1165)
(1149, 1166)
(1149, 1149)
(1149, 1150)
(1149, 1151)
(1150, 1152)
(1150, 1153)
(1150, 1154)
(1150, 1155)
(1150, 1156)
(1150, 1157)
(1150, 1158)
(1150, 1159)
(1150, 1160)
(1150, 1161)
(1150, 1162)
(1150, 1163)
(1150, 1164)
(1150, 1165)
(1150, 1166)
(1150, 1167)
(1150, 1168)
(1150, 1150)
(1150, 1151)
(1151, 1152)
(1151, 1153)
(1151, 1154)
(1151, 1155)
(1151, 1156)
(1151, 1157)
(1151, 1158)
(1151, 1159)
(1151, 1160)
(1151, 1161)
(1151, 1162)
(1151, 1163)
(1151, 1164)
(1151, 1165)
(1151, 1166)
(1151, 1167)
(1151, 1168)
(1151, 1169)
(1151, 1151)
(1152, 1152)
(1152, 1153)
(1152, 1154)
(1152, 1155)
(1152, 1156)
(1152, 1157)
(1152, 1158)
(1152, 1159)
(1152, 1160)
(1152, 1161)
(1152, 1162)
(1152, 1163)
(1152, 1164)
(1152, 1165)
(1152, 1166)
(1152, 1167)
(1152, 1168)
(1152, 1169)
(1152, 1170)
(1153, 1153)
(1153, 1154)
(1153, 1155)
(1153, 1156)
(1153, 1157)
(1153, 1158)
(1153, 1159)
(1153, 1160)
(1153, 1161)
(1153, 1162)
(1153, 1163)
(1153, 1164)
(1153, 1165)
(1153, 1166)
(1153, 1167)
(1153, 1168)
(1153, 1169)
(1153, 1170)
(1153, 1171)
(1154, 1154)
(1154, 1155)
(1154, 1156)
(1154, 1157)
(1154, 1158)
(1154, 1159)
(1154, 1160)
(1154, 1161)
(1154, 1162)
(1154, 1163)
(1154, 1164)
(1154, 1165)
(1154, 1166)
(1154, 1167)
(1154, 1168)
(1154, 1169)
(1154, 1170)
(1154, 1171)
(1154, 1172)
(1155, 1155)
(1155, 1156)
(1155, 1157)
(1155, 1158)
(1155, 1159)
(1155, 1160)
(1155, 1161)
(1155, 1162)
(1155, 1163)
(1155, 1164)
(1155, 1165)
(1155, 1166)
(1155, 1167)
(1155, 1168)
(1155, 1169)
(1155, 1170)
(1155, 1171)
(1155, 1172)
(1155, 1173)
(1156, 1156)
(1156, 1157)
(1156, 1158)
(1156, 1159)
(1156, 1160)
(1156, 1161)
(1156, 1162)
(1156, 1163)
(1156, 1164)
(1156, 1165)
(1156, 1166)
(1156, 1167)
(1156, 1168)
(1156, 1169)
(1156, 1170)
(1156, 1171)
(1156, 1172)
(1156, 1173)
(1156, 1174)
(1157, 1157)
(1157, 1158)
(1157, 1159)
(1157, 1160)
(1157, 1161)
(1157, 1162)
(1157, 1163)
(1157, 1164)
(1157, 1165)
(1157, 1166)
(1157, 1167)
(1157, 1168)
(1157, 1169)
(1157, 1170)
(1157, 1171)
(1157, 1172)
(1157, 1173)
(1157, 1174)
(1158, 1158)
(1158, 1159)
(1158, 1160)
(1158, 1161)
(1158, 1162)
(1158, 1163)
(1158, 1164)
(1158, 1165)
(1158, 1166)
(1158, 1167)
(1158, 1168)
(1158, 1169)
(1158, 1170)
(1158, 1171)
(1158, 1172)
(1158, 1173)
(1158, 1174)
(1159, 1159)
(1159, 1160)
(1159, 1161)
(1159, 1162)
(1159, 1163)
(1159, 1164)
(1159, 1165)
(1159, 1166)
(1159, 1167)
(1159, 1168)
(1159, 1169)
(1159, 1170)
(1159, 1171)
(1159, 1172)
(1159, 1173)
(1159, 1174)
(1159, 1175)
(1160, 1160)
(1160, 1161)
(1160, 1162)
(1160, 1163)
(1160, 1164)
(1160, 1165)
(1160, 1166)
(1160, 1167)
(1160, 1168)
(1160, 1169)
(1160, 1170)
(1160, 1171)
(1160, 1172)
(1160, 1173)
(1160, 1174)
(1160, 1175)
(1161, 1161)
(1161, 1162)
(1161, 1163)
(1161, 1164)
(1161, 1165)
(1161, 1166)
(1161, 1167)
(1161, 1168)
(1161, 1169)
(1161, 1170)
(1161, 1171)
(1161, 1172)
(1161, 1173)
(1161, 1174)
(1161, 1175)
(1162, 1162)
(1162, 1163)
(1162, 1164)
(1162, 1165)
(1162, 1166)
(1162, 1167)
(1162, 1168)
(1162, 1169)
(1162, 1170)
(1162, 1171)
(1162, 1172)
(1162, 1173)
(1162, 1174)
(1162, 1175)
(1163, 1163)
(1163, 1164)
(1163, 1165)
(1163, 1166)
(1163, 1167)
(1163, 1168)
(1163, 1169)
(1163, 1170)
(1163, 1171)
(1163, 1172)
(1163, 1173)
(1163, 1174)
(1163, 1175)
(1164, 1164)
(1164, 1165)
(1164, 1166)
(1164, 1167)
(1164, 1168)
(1164, 1169)
(1164, 1170)
(1164, 1171)
(1164, 1172)
(1164, 1173)
(1164, 1174)
(1164, 1175)
(1164, 1176)
(1165, 1165)
(1165, 1166)
(1165, 1167)
(1165, 1168)
(1165, 1169)
(1165, 1170)
(1165, 1171)
(1165, 1172)
(1165, 1173)
(1165, 1174)
(1165, 1175)
(1165, 1176)
(1166, 1166)
(1166, 1167)
(1166, 1168)
(1166, 1169)
(1166, 1170)
(1166, 1171)
(1166, 1172)
(1166, 1173)
(1166, 1174)
(1166, 1175)
(1166, 1176)
(1167, 1167)
(1167, 1168)
(1167, 1169)
(1167, 1170)
(1167, 1171)
(1167, 1172)
(1167, 1173)
(1167, 1174)
(1167, 1175)
(1167, 1176)
(1167, 1177)
(1168, 1168)
(1168, 1169)
(1168, 1170)
(1168, 1171)
(1168, 1172)
(1168, 1173)
(1168, 1174)
(1168, 1175)
(1168, 1176)
(1168, 1177)
(1169, 1169)
(1169, 1170)
(1169, 1171)
(1169, 1172)
(1169, 1173)
(1169, 1174)
(1169, 1175)
(1169, 1176)
(1169, 1177)
(1169, 1178)
(1170, 1170)
(1170, 1171)
(1170, 1172)
(1170, 1173)
(1170, 1174)
(1170, 1175)
(1170, 1176)
(1170, 1177)
(1170, 1178)
(1171, 1171)
(1171, 1172)
(1171, 1173)
(1171, 1174)
(1171, 1175)
(1171, 1176)
(1171, 1177)
(1171, 1178)
(1171, 1179)
(1172, 1172)
(1172, 1173)
(1172, 1174)
(1172, 1175)
(1172, 1176)
(1172, 1177)
(1172, 1178)
(1172, 1179)
(1173, 1173)
(1173, 1174)
(1173, 1175)
(1173, 1176)
(1173, 1177)
(1173, 1178)
(1173, 1179)
(1173, 1180)
(1174, 1174)
(1174, 1175)
(1174, 1176)
(1174, 1177)
(1174, 1178)
(1174, 1179)
(1174, 1180)
(1175, 1175)
(1175, 1176)
(1175, 1177)
(1175, 1178)
(1175, 1179)
(1175, 1180)
(1175, 1181)
(1176, 1176)
(1176, 1177)
(1176, 1178)
(1176, 1179)
(1176, 1180)
(1176, 1181)
(1176, 1182)
(1177, 1177)
(1177, 1178)
(1177, 1179)
(1177, 1180)
(1177, 1181)
(1177, 1182)
(1177, 1183)
(1178, 1178)
(1178, 1179)
(1178, 1180)
(1178, 1181)
(1178, 1182)
(1178, 1183)
(1179, 1184)
(1179, 1179)
(1179, 1180)
(1179, 1181)
(1179, 1182)
(1179, 1183)
(1180, 1184)
(1180, 1185)
(1180, 1180)
(1180, 1181)
(1180, 1182)
(1180, 1183)
(1181, 1184)
(1181, 1185)
(1181, 1186)
(1181, 1181)
(1181, 1182)
(1181, 1183)
(1182, 1184)
(1182, 1185)
(1182, 1186)
(1182, 1182)
(1182, 1183)
(1183, 1184)
(1183, 1185)
(1183, 1186)
(1183, 1187)
(1183, 1183)
(1184, 1184)
(1184, 1185)
(1184, 1186)
(1184, 1187)
(1184, 1188)
(1185, 1185)
(1185, 1186)
(1185, 1187)
(1185, 1188)
(1185, 1189)
(1186, 1186)
(1186, 1187)
(1186, 1188)
(1186, 1189)
(1186, 1190)
(1187, 1187)
(1187, 1188)
(1187, 1189)
(1187, 1190)
(1187, 1191)
(1188, 1188)
(1188, 1189)
(1188, 1190)
(1188, 1191)
(1188, 1192)
(1189, 1189)
(1189, 1190)
(1189, 1191)
(1189, 1192)
(1189, 1193)
(1190, 1190)
(1190, 1191)
(1190, 1192)
(1190, 1193)
(1190, 1194)
(1191, 1191)
(1191, 1192)
(1191, 1193)
(1191, 1194)
(1191, 1195)
(1192, 1192)
(1192, 1193)
(1192, 1194)
(1192, 1195)
(1192, 1196)
(1193, 1193)
(1193, 1194)
(1193, 1195)
(1193, 1196)
(1193, 1197)
(1193, 1198)
(1194, 1194)
(1194, 1195)
(1194, 1196)
(1194, 1197)
(1194, 1198)
(1194, 1199)
(1195, 1195)
(1195, 1196)
(1195, 1197)
(1195, 1198)
(1195, 1199)
(1195, 1200)
(1196, 1196)
(1196, 1197)
(1196, 1198)
(1196, 1199)
(1196, 1200)
(1197, 1197)
(1197, 1198)
(1197, 1199)
(1197, 1200)
(1198, 1198)
(1198, 1199)
(1198, 1200)
(1199, 1200)
(1199, 1199)
(1200, 1200)
