(0, 0)
(0, 1)
(0, 2)
(0, 3)
(0, 4)
(1, 1)
(1, 2)
(1, 3)
(1, 4)
(1, 5)
(2, 2)
(2, 3)
(2, 4)
(2, 5)
(2, 6)
(3, 3)
(3, 4)
(3, 5)
(3, 6)
(3, 7)
(4, 4)
(4, 5)
(4, 6)
(4, 7)
(5, 5)
(5, 6)
(5, 7)
(5, 8)
(6, 1062)
(6, 6)
(6, 7)
(6, 9)
(6, 8)
(7, 1062)
(7, 7)
(7, 9)
(7, 10)
(7, 8)
(8, 1062)
(8, 1063)
(8, 9)
(8, 10)
(8, 8)
(9, 1063)
(9, 9)
(9, 10)
(9, 11)
(10, 1064)
(10, 10)
(10, 1063)
(10, 11)
(10, 12)
(11, 1063)
(11, 1064)
(11, 1065)
(11, 11)
(11, 12)
(11, 13)
(12, 1064)
(12, 1065)
(12, 12)
(12, 13)
(12, 14)
(13, 1064)
(13, 1065)
(13, 1066)
(13, 13)
(13, 14)
(13, 15)
(14, 1064)
(14, 1065)
(14, 1066)
(14, 14)
(14, 15)
(14, 16)
(15, 16)
(15, 17)
(15, 1065)
(15, 1066)
(15, 15)
(16, 16)
(16, 17)
(16, 18)
(16, 1066)
(16, 1067)
(17, 17)
(17, 18)
(17, 19)
(17, 1066)
(17, 1067)
(18, 18)
(18, 19)
(18, 20)
(18, 1067)
(19, 19)
(19, 20)
(19, 21)
(20, 20)
(20, 21)
(20, 22)
(21, 21)
(21, 22)
(21, 23)
(22, 22)
(22, 23)
(23, 24)
(23, 23)
(24, 24)
(24, 25)
(25, 25)
(25, 26)
(26, 26)
(26, 27)
(27, 27)
(27, 28)
(28, 28)
(28, 29)
(29, 29)
(29, 30)
(30, 30)
(30, 31)
(31, 32)
(31, 31)
(32, 32)
(32, 33)
(33, 33)
(33, 34)
(34, 34)
(34, 35)
(35, 35)
(35, 36)
(36, 36)
(36, 37)
(37, 37)
(37, 38)
(38, 38)
(38, 39)
(39, 40)
(39, 39)
(40, 40)
(40, 41)
(41, 41)
(41, 42)
(42, 42)
(42, 43)
(43, 43)
(44, 44)
(45, 45)
(46, 46)
(47, 47)
(48, 48)
(49, 49)
(50, 50)
(51, 51)
(52, 52)
(53, 53)
(54, 54)
(55, 55)
(56, 56)
(57, 57)
(58, 58)
(59, 59)
(60, 60)
(61, 61)
(62, 62)
(63, 63)
(64, 64)
(65, 65)
(66, 66)
(67, 67)
(68, 68)
(69, 69)
(70, 70)
(71, 71)
(72, 72)
(73, 73)
(74, 74)
(75, 75)
(76, 76)
(77, 77)
(78, 78)
(79, 79)
(80, 80)
(81, 81)
(82, 82)
(83, 83)
(84, 84)
(85, 85)
(86, 86)
(87, 87)
(88, 88)
(89, 89)
(90, 90)
(91, 91)
(92, 92)
(93, 93)
(94, 94)
(95, 95)
(96, 96)
(97, 97)
(98, 98)
(99, 99)
(100, 100)
(101, 101)
(102, 102)
(103, 103)
(104, 104)
(105, 105)
(106, 106)
(107, 107)
(108, 108)
(109, 109)
(110, 110)
(111, 111)
(112, 112)
(113, 113)
(114, 114)
(115, 115)
(116, 116)
(117, 117)
(118, 118)
(119, 119)
(120, 120)
(121, 121)
(122, 122)
(123, 123)
(123, 124)
(124, 124)
(124, 125)
(125, 125)
(125, 126)
(126, 126)
(126, 127)
(127, 128)
(127, 127)
(128, 128)
(128, 129)
(129, 129)
(129, 130)
(130, 130)
(130, 131)
(131, 131)
(131, 132)
(132, 132)
(132, 133)
(133, 133)
(133, 134)
(134, 134)
(134, 135)
(135, 136)
(135, 135)
(136, 136)
(136, 137)
(137, 137)
(137, 138)
(138, 138)
(138, 139)
(139, 139)
(139, 140)
(140, 140)
(140, 141)
(141, 141)
(141, 142)
(142, 142)
(143, 143)
(144, 144)
(145, 145)
(146, 146)
(147, 147)
(148, 148)
(149, 149)
(150, 150)
(151, 151)
(152, 152)
(153, 153)
(154, 154)
(155, 155)
(156, 156)
(157, 157)
(158, 158)
(159, 159)
(160, 160)
(161, 161)
(162, 162)
(163, 163)
(164, 164)
(165, 165)
(166, 166)
(167, 167)
(168, 168)
(169, 169)
(170, 170)
(171, 171)
(172, 172)
(173, 173)
(174, 174)
(175, 175)
(176, 176)
(177, 177)
(178, 178)
(179, 179)
(180, 180)
(181, 181)
(182, 182)
(183, 183)
(184, 184)
(185, 185)
(186, 186)
(187, 187)
(188, 188)
(189, 189)
(190, 190)
(191, 191)
(192, 192)
(193, 193)
(194, 194)
(195, 195)
(196, 196)
(197, 197)
(198, 198)
(199, 199)
(200, 200)
(201, 201)
(202, 202)
(203, 203)
(204, 204)
(205, 205)
(206, 206)
(207, 207)
(208, 208)
(209, 209)
(210, 210)
(211, 211)
(212, 212)
(213, 213)
(214, 214)
(215, 215)
(216, 216)
(217, 217)
(218, 218)
(219, 219)
(220, 220)
(221, 221)
(222, 222)
(223, 223)
(224, 224)
(225, 225)
(226, 226)
(227, 227)
(228, 228)
(229, 229)
(230, 230)
(231, 231)
(232, 232)
(233, 233)
(234, 234)
(235, 235)
(236, 236)
(237, 237)
(238, 238)
(239, 239)
(240, 240)
(241, 241)
(242, 242)
(243, 243)
(244, 244)
(245, 245)
(246, 246)
(247, 247)
(248, 248)
(249, 249)
(250, 250)
(251, 251)
(252, 252)
(253, 253)
(254, 254)
(255, 255)
(256, 256)
(257, 257)
(258, 258)
(259, 259)
(260, 260)
(261, 261)
(262, 262)
(263, 263)
(264, 264)
(265, 265)
(266, 266)
(267, 267)
(268, 268)
(269, 269)
(270, 270)
(271, 271)
(272, 272)
(273, 273)
(274, 274)
(275, 275)
(276, 276)
(277, 277)
(278, 278)
(279, 279)
(280, 280)
(281, 281)
(282, 282)
(283, 283)
(284, 284)
(285, 285)
(286, 286)
(287, 287)
(288, 288)
(289, 289)
(290, 290)
(291, 291)
(292, 292)
(292, 293)
(293, 293)
(293, 294)
(294, 294)
(294, 295)
(295, 296)
(295, 295)
(296, 296)
(296, 297)
(297, 297)
(297, 298)
(298, 298)
(298, 299)
(299, 299)
(299, 300)
(300, 300)
(300, 301)
(301, 301)
(301, 302)
(302, 302)
(302, 303)
(303, 304)
(303, 303)
(304, 304)
(304, 305)
(305, 305)
(305, 306)
(305, 307)
(306, 306)
(306, 307)
(306, 308)
(307, 307)
(307, 308)
(307, 309)
(308, 308)
(308, 309)
(308, 310)
(309, 309)
(309, 310)
(309, 311)
(310, 310)
(310, 311)
(310, 312)
(311, 311)
(311, 312)
(311, 313)
(312, 312)
(312, 313)
(312, 314)
(313, 313)
(313, 314)
(313, 315)
(314, 314)
(314, 315)
(314, 316)
(315, 315)
(315, 316)
(315, 317)
(316, 316)
(316, 317)
(316, 318)
(317, 317)
(317, 318)
(317, 319)
(318, 320)
(318, 318)
(318, 319)
(319, 320)
(319, 321)
(319, 319)
(320, 320)
(320, 321)
(320, 322)
(321, 321)
(321, 322)
(321, 323)
(322, 322)
(322, 323)
(322, 324)
(323, 323)
(323, 324)
(324, 324)
(324, 325)
(325, 325)
(325, 326)
(326, 326)
(326, 327)
(327, 328)
(327, 327)
(328, 328)
(328, 329)
(329, 329)
(329, 330)
(330, 330)
(330, 331)
(331, 331)
(331, 332)
(332, 332)
(332, 333)
(333, 333)
(333, 334)
(334, 334)
(334, 335)
(335, 336)
(335, 335)
(336, 336)
(336, 337)
(337, 337)
(337, 338)
(338, 338)
(338, 339)
(339, 339)
(339, 340)
(340, 340)
(341, 341)
(342, 342)
(343, 343)
(344, 344)
(345, 345)
(346, 346)
(347, 347)
(348, 348)
(349, 349)
(350, 350)
(351, 351)
(352, 352)
(353, 353)
(354, 354)
(355, 355)
(356, 356)
(357, 357)
(358, 358)
(359, 359)
(360, 360)
(361, 361)
(362, 362)
(363, 363)
(364, 364)
(365, 365)
(366, 366)
(367, 367)
(368, 368)
(369, 369)
(370, 370)
(371, 371)
(372, 372)
(373, 373)
(374, 374)
(375, 375)
(376, 376)
(377, 377)
(378, 378)
(379, 379)
(380, 380)
(381, 381)
(382, 382)
(383, 383)
(384, 384)
(385, 385)
(386, 386)
(387, 387)
(388, 388)
(389, 389)
(390, 390)
(391, 391)
(392, 392)
(393, 393)
(394, 394)
(395, 395)
(396, 396)
(397, 397)
(398, 398)
(399, 399)
(400, 400)
(401, 401)
(402, 402)
(403, 403)
(404, 404)
(405, 405)
(406, 406)
(407, 407)
(408, 408)
(409, 409)
(410, 410)
(411, 411)
(412, 412)
(413, 413)
(414, 414)
(415, 415)
(416, 416)
(417, 417)
(418, 418)
(419, 419)
(420, 420)
(421, 421)
(422, 422)
(423, 423)
(424, 424)
(425, 425)
(426, 426)
(427, 427)
(428, 428)
(429, 429)
(430, 430)
(431, 431)
(432, 432)
(433, 433)
(434, 434)
(435, 435)
(436, 436)
(437, 437)
(438, 438)
(439, 439)
(440, 440)
(441, 441)
(442, 442)
(443, 443)
(444, 444)
(445, 445)
(446, 446)
(447, 447)
(448, 448)
(449, 449)
(450, 450)
(451, 451)
(452, 452)
(453, 453)
(454, 454)
(455, 455)
(456, 456)
(457, 457)
(458, 458)
(459, 459)
(460, 460)
(460, 461)
(461, 461)
(461, 462)
(462, 462)
(462, 463)
(463, 464)
(463, 463)
(464, 464)
(464, 465)
(465, 465)
(465, 466)
(466, 466)
(466, 467)
(467, 467)
(467, 468)
(468, 468)
(468, 469)
(469, 469)
(469, 470)
(470, 470)
(470, 471)
(471, 472)
(471, 471)
(472, 472)
(472, 473)
(473, 473)
(473, 474)
(474, 474)
(474, 475)
(475, 475)
(475, 476)
(476, 476)
(476, 477)
(477, 477)
(477, 478)
(478, 478)
(478, 479)
(479, 480)
(479, 479)
(480, 480)
(480, 481)
(481, 481)
(481, 482)
(482, 482)
(482, 483)
(483, 483)
(483, 484)
(484, 484)
(485, 485)
(486, 486)
(487, 487)
(488, 488)
(489, 489)
(490, 490)
(491, 491)
(492, 492)
(493, 493)
(494, 494)
(495, 495)
(496, 496)
(497, 497)
(498, 498)
(499, 499)
(500, 500)
(501, 501)
(502, 502)
(503, 503)
(504, 504)
(505, 505)
(506, 506)
(507, 507)
(508, 508)
(509, 509)
(510, 510)
(511, 511)
(512, 512)
(513, 513)
(514, 514)
(515, 515)
(516, 516)
(517, 517)
(518, 518)
(519, 519)
(520, 520)
(521, 521)
(522, 522)
(523, 523)
(524, 524)
(525, 525)
(526, 526)
(527, 527)
(528, 528)
(529, 529)
(530, 530)
(531, 531)
(532, 532)
(533, 533)
(534, 534)
(535, 535)
(536, 536)
(537, 537)
(538, 538)
(539, 539)
(540, 540)
(541, 541)
(542, 542)
(543, 543)
(544, 544)
(545, 545)
(546, 546)
(547, 547)
(548, 548)
(549, 549)
(550, 550)
(551, 551)
(552, 552)
(553, 553)
(554, 554)
(555, 555)
(556, 556)
(557, 557)
(558, 558)
(559, 559)
(560, 560)
(561, 561)
(562, 562)
(563, 563)
(564, 564)
(565, 565)
(566, 566)
(567, 567)
(568, 568)
(569, 569)
(570, 570)
(571, 571)
(572, 572)
(573, 573)
(574, 574)
(575, 575)
(576, 576)
(577, 577)
(578, 578)
(579, 579)
(580, 580)
(581, 581)
(582, 582)
(583, 583)
(584, 584)
(585, 585)
(586, 586)
(587, 587)
(588, 588)
(589, 589)
(590, 590)
(591, 591)
(592, 592)
(593, 593)
(594, 594)
(595, 595)
(596, 596)
(597, 597)
(598, 598)
(599, 599)
(600, 600)
(601, 601)
(602, 602)
(603, 603)
(604, 604)
(605, 605)
(606, 606)
(607, 607)
(608, 608)
(609, 609)
(610, 610)
(611, 611)
(612, 612)
(613, 613)
(614, 614)
(615, 615)
(616, 616)
(617, 617)
(618, 618)
(619, 619)
(620, 620)
(621, 621)
(622, 622)
(623, 623)
(624, 624)
(625, 625)
(626, 626)
(627, 627)
(628, 628)
(629, 629)
(630, 630)
(631, 631)
(632, 632)
(633, 633)
(633, 634)
(634, 634)
(634, 635)
(635, 635)
(635, 636)
(636, 636)
(636, 637)
(637, 637)
(637, 638)
(638, 638)
(638, 639)
(639, 640)
(639, 639)
(640, 640)
(640, 641)
(641, 641)
(641, 642)
(641, 643)
(642, 642)
(642, 643)
(642, 644)
(643, 643)
(643, 644)
(643, 645)
(644, 644)
(644, 645)
(644, 646)
(645, 645)
(645, 646)
(645, 647)
(646, 646)
(646, 647)
(646, 648)
(647, 647)
(647, 648)
(647, 649)
(647, 650)
(648, 648)
(648, 649)
(648, 650)
(648, 651)
(649, 649)
(649, 650)
(649, 651)
(649, 652)
(650, 650)
(650, 651)
(650, 652)
(650, 653)
(651, 651)
(651, 652)
(651, 653)
(651, 654)
(651, 655)
(652, 652)
(652, 653)
(652, 654)
(652, 655)
(652, 656)
(653, 653)
(653, 654)
(653, 655)
(653, 656)
(653, 657)
(654, 654)
(654, 655)
(654, 656)
(654, 657)
(654, 658)
(654, 659)
(655, 655)
(655, 656)
(655, 657)
(655, 658)
(655, 659)
(655, 660)
(655, 661)
(655, 662)
(655, 663)
(655, 664)
(655, 665)
(655, 666)
(655, 667)
(655, 668)
(655, 669)
(655, 670)
(655, 671)
(655, 672)
(655, 673)
(655, 674)
(655, 675)
(655, 676)
(655, 677)
(655, 678)
(655, 679)
(655, 680)
(655, 681)
(655, 682)
(655, 683)
(655, 684)
(655, 685)
(655, 686)
(655, 687)
(655, 688)
(655, 689)
(655, 690)
(655, 691)
(655, 692)
(655, 693)
(655, 694)
(655, 695)
(655, 696)
(655, 697)
(655, 698)
(655, 699)
(655, 700)
(655, 701)
(655, 702)
(655, 703)
(655, 704)
(655, 705)
(655, 706)
(655, 707)
(655, 708)
(655, 709)
(655, 710)
(655, 711)
(655, 712)
(655, 713)
(655, 714)
(655, 715)
(655, 716)
(655, 717)
(655, 718)
(656, 656)
(656, 657)
(656, 658)
(656, 659)
(656, 660)
(656, 661)
(656, 662)
(656, 663)
(656, 664)
(656, 665)
(656, 666)
(656, 667)
(656, 668)
(656, 669)
(656, 670)
(656, 671)
(656, 672)
(656, 673)
(656, 674)
(656, 675)
(656, 676)
(656, 677)
(656, 678)
(656, 679)
(656, 680)
(656, 681)
(656, 682)
(656, 683)
(656, 684)
(656, 685)
(656, 686)
(656, 687)
(656, 688)
(656, 689)
(656, 690)
(656, 691)
(656, 692)
(656, 693)
(656, 694)
(656, 695)
(656, 696)
(656, 697)
(656, 698)
(656, 699)
(656, 700)
(656, 701)
(656, 702)
(656, 703)
(656, 704)
(656, 705)
(656, 706)
(656, 707)
(656, 708)
(656, 709)
(656, 710)
(656, 711)
(656, 712)
(656, 713)
(656, 714)
(656, 715)
(656, 716)
(656, 717)
(656, 718)
(656, 719)
(656, 720)
(656, 721)
(656, 722)
(657, 657)
(657, 658)
(657, 659)
(657, 660)
(657, 661)
(657, 662)
(657, 663)
(657, 664)
(657, 665)
(657, 666)
(657, 667)
(657, 668)
(657, 669)
(657, 670)
(657, 671)
(657, 672)
(657, 673)
(657, 674)
(657, 675)
(657, 676)
(657, 677)
(657, 678)
(657, 679)
(657, 680)
(657, 681)
(657, 682)
(657, 683)
(657, 684)
(657, 685)
(657, 686)
(657, 687)
(657, 688)
(657, 689)
(657, 690)
(657, 691)
(657, 692)
(657, 693)
(657, 694)
(657, 695)
(657, 696)
(657, 697)
(657, 698)
(657, 699)
(657, 700)
(657, 701)
(657, 702)
(657, 703)
(657, 704)
(657, 705)
(657, 706)
(657, 707)
(657, 708)
(657, 709)
(657, 710)
(657, 711)
(657, 712)
(657, 713)
(657, 714)
(657, 715)
(657, 716)
(657, 717)
(657, 718)
(657, 719)
(657, 720)
(657, 721)
(657, 722)
(657, 723)
(657, 724)
(657, 725)
(658, 658)
(658, 659)
(658, 660)
(658, 661)
(658, 662)
(658, 663)
(658, 664)
(658, 665)
(658, 666)
(658, 667)
(658, 668)
(658, 669)
(658, 670)
(658, 671)
(658, 672)
(658, 673)
(658, 674)
(658, 675)
(658, 676)
(658, 677)
(658, 678)
(658, 679)
(658, 680)
(658, 681)
(658, 682)
(658, 683)
(658, 684)
(658, 685)
(658, 686)
(658, 687)
(658, 688)
(658, 689)
(658, 690)
(658, 691)
(658, 692)
(658, 693)
(658, 694)
(658, 695)
(658, 696)
(658, 697)
(658, 698)
(658, 699)
(658, 700)
(658, 701)
(658, 702)
(658, 703)
(658, 704)
(658, 705)
(658, 706)
(658, 707)
(658, 708)
(658, 709)
(658, 710)
(658, 711)
(658, 712)
(658, 713)
(658, 714)
(658, 715)
(658, 716)
(658, 717)
(658, 718)
(658, 719)
(658, 720)
(658, 721)
(658, 722)
(658, 723)
(658, 724)
(658, 725)
(658, 726)
(659, 659)
(659, 660)
(659, 661)
(659, 662)
(659, 663)
(659, 664)
(659, 665)
(659, 666)
(659, 667)
(659, 668)
(659, 669)
(659, 670)
(659, 671)
(659, 672)
(659, 673)
(659, 674)
(659, 675)
(659, 676)
(659, 677)
(659, 678)
(659, 679)
(659, 680)
(659, 681)
(659, 682)
(659, 683)
(659, 684)
(659, 685)
(659, 686)
(659, 687)
(659, 688)
(659, 689)
(659, 690)
(659, 691)
(659, 692)
(659, 693)
(659, 694)
(659, 695)
(659, 696)
(659, 697)
(659, 698)
(659, 699)
(659, 700)
(659, 701)
(659, 702)
(659, 703)
(659, 704)
(659, 705)
(659, 706)
(659, 707)
(659, 708)
(659, 709)
(659, 710)
(659, 711)
(659, 712)
(659, 713)
(659, 714)
(659, 715)
(659, 716)
(659, 717)
(659, 718)
(659, 719)
(659, 720)
(659, 721)
(659, 722)
(659, 723)
(659, 724)
(659, 725)
(659, 726)
(659, 727)
(659, 728)
(660, 660)
(660, 661)
(660, 662)
(660, 663)
(660, 664)
(660, 665)
(660, 666)
(660, 667)
(660, 668)
(660, 669)
(660, 670)
(660, 671)
(660, 672)
(660, 673)
(660, 674)
(660, 675)
(660, 676)
(660, 677)
(660, 678)
(660, 679)
(660, 680)
(660, 681)
(660, 682)
(660, 683)
(660, 684)
(660, 685)
(660, 686)
(660, 687)
(660, 688)
(660, 689)
(660, 690)
(660, 691)
(660, 692)
(660, 693)
(660, 694)
(660, 695)
(660, 696)
(660, 697)
(660, 698)
(660, 699)
(660, 700)
(660, 701)
(660, 702)
(660, 703)
(660, 704)
(660, 705)
(660, 706)
(660, 707)
(660, 708)
(660, 709)
(660, 710)
(660, 711)
(660, 712)
(660, 713)
(660, 714)
(660, 715)
(660, 716)
(660, 717)
(660, 718)
(660, 719)
(660, 720)
(660, 721)
(660, 722)
(660, 723)
(660, 724)
(660, 725)
(660, 726)
(660, 727)
(660, 728)
(661, 661)
(661, 662)
(661, 663)
(661, 664)
(661, 665)
(661, 666)
(661, 667)
(661, 668)
(661, 669)
(661, 670)
(661, 671)
(661, 672)
(661, 673)
(661, 674)
(661, 675)
(661, 676)
(661, 677)
(661, 678)
(661, 679)
(661, 680)
(661, 681)
(661, 682)
(661, 683)
(661, 684)
(661, 685)
(661, 686)
(661, 687)
(661, 688)
(661, 689)
(661, 690)
(661, 691)
(661, 692)
(661, 693)
(661, 694)
(661, 695)
(661, 696)
(661, 697)
(661, 698)
(661, 699)
(661, 700)
(661, 701)
(661, 702)
(661, 703)
(661, 704)
(661, 705)
(661, 706)
(661, 707)
(661, 708)
(661, 709)
(661, 710)
(661, 711)
(661, 712)
(661, 713)
(661, 714)
(661, 715)
(661, 716)
(661, 717)
(661, 718)
(661, 719)
(661, 720)
(661, 721)
(661, 722)
(661, 723)
(661, 724)
(661, 725)
(661, 726)
(661, 727)
(661, 728)
(661, 729)
(662, 662)
(662, 663)
(662, 664)
(662, 665)
(662, 666)
(662, 667)
(662, 668)
(662, 669)
(662, 670)
(662, 671)
(662, 672)
(662, 673)
(662, 674)
(662, 675)
(662, 676)
(662, 677)
(662, 678)
(662, 679)
(662, 680)
(662, 681)
(662, 682)
(662, 683)
(662, 684)
(662, 685)
(662, 686)
(662, 687)
(662, 688)
(662, 689)
(662, 690)
(662, 691)
(662, 692)
(662, 693)
(662, 694)
(662, 695)
(662, 696)
(662, 697)
(662, 698)
(662, 699)
(662, 700)
(662, 701)
(662, 702)
(662, 703)
(662, 704)
(662, 705)
(662, 706)
(662, 707)
(662, 708)
(662, 709)
(662, 710)
(662, 711)
(662, 712)
(662, 713)
(662, 714)
(662, 715)
(662, 716)
(662, 717)
(662, 718)
(662, 719)
(662, 720)
(662, 721)
(662, 722)
(662, 723)
(662, 724)
(662, 725)
(662, 726)
(662, 727)
(662, 728)
(662, 729)
(663, 663)
(663, 664)
(663, 665)
(663, 666)
(663, 667)
(663, 668)
(663, 669)
(663, 670)
(663, 671)
(663, 672)
(663, 673)
(663, 674)
(663, 675)
(663, 676)
(663, 677)
(663, 678)
(663, 679)
(663, 680)
(663, 681)
(663, 682)
(663, 683)
(663, 684)
(663, 685)
(663, 686)
(663, 687)
(663, 688)
(663, 689)
(663, 690)
(663, 691)
(663, 692)
(663, 693)
(663, 694)
(663, 695)
(663, 696)
(663, 697)
(663, 698)
(663, 699)
(663, 700)
(663, 701)
(663, 702)
(663, 703)
(663, 704)
(663, 705)
(663, 706)
(663, 707)
(663, 708)
(663, 709)
(663, 710)
(663, 711)
(663, 712)
(663, 713)
(663, 714)
(663, 715)
(663, 716)
(663, 717)
(663, 718)
(663, 719)
(663, 720)
(663, 721)
(663, 722)
(663, 723)
(663, 724)
(663, 725)
(663, 726)
(663, 727)
(663, 728)
(663, 729)
(663, 730)
(664, 664)
(664, 665)
(664, 666)
(664, 667)
(664, 668)
(664, 669)
(664, 670)
(664, 671)
(664, 672)
(664, 673)
(664, 674)
(664, 675)
(664, 676)
(664, 677)
(664, 678)
(664, 679)
(664, 680)
(664, 681)
(664, 682)
(664, 683)
(664, 684)
(664, 685)
(664, 686)
(664, 687)
(664, 688)
(664, 689)
(664, 690)
(664, 691)
(664, 692)
(664, 693)
(664, 694)
(664, 695)
(664, 696)
(664, 697)
(664, 698)
(664, 699)
(664, 700)
(664, 701)
(664, 702)
(664, 703)
(664, 704)
(664, 705)
(664, 706)
(664, 707)
(664, 708)
(664, 709)
(664, 710)
(664, 711)
(664, 712)
(664, 713)
(664, 714)
(664, 715)
(664, 716)
(664, 717)
(664, 718)
(664, 719)
(664, 720)
(664, 721)
(664, 722)
(664, 723)
(664, 724)
(664, 725)
(664, 726)
(664, 727)
(664, 728)
(664, 729)
(664, 730)
(665, 665)
(665, 666)
(665, 667)
(665, 668)
(665, 669)
(665, 670)
(665, 671)
(665, 672)
(665, 673)
(665, 674)
(665, 675)
(665, 676)
(665, 677)
(665, 678)
(665, 679)
(665, 680)
(665, 681)
(665, 682)
(665, 683)
(665, 684)
(665, 685)
(665, 686)
(665, 687)
(665, 688)
(665, 689)
(665, 690)
(665, 691)
(665, 692)
(665, 693)
(665, 694)
(665, 695)
(665, 696)
(665, 697)
(665, 698)
(665, 699)
(665, 700)
(665, 701)
(665, 702)
(665, 703)
(665, 704)
(665, 705)
(665, 706)
(665, 707)
(665, 708)
(665, 709)
(665, 710)
(665, 711)
(665, 712)
(665, 713)
(665, 714)
(665, 715)
(665, 716)
(665, 717)
(665, 718)
(665, 719)
(665, 720)
(665, 721)
(665, 722)
(665, 723)
(665, 724)
(665, 725)
(665, 726)
(665, 727)
(665, 728)
(665, 729)
(665, 730)
(666, 666)
(666, 667)
(666, 668)
(666, 669)
(666, 670)
(666, 671)
(666, 672)
(666, 673)
(666, 674)
(666, 675)
(666, 676)
(666, 677)
(666, 678)
(666, 679)
(666, 680)
(666, 681)
(666, 682)
(666, 683)
(666, 684)
(666, 685)
(666, 686)
(666, 687)
(666, 688)
(666, 689)
(666, 690)
(666, 691)
(666, 692)
(666, 693)
(666, 694)
(666, 695)
(666, 696)
(666, 697)
(666, 698)
(666, 699)
(666, 700)
(666, 701)
(666, 702)
(666, 703)
(666, 704)
(666, 705)
(666, 706)
(666, 707)
(666, 708)
(666, 709)
(666, 710)
(666, 711)
(666, 712)
(666, 713)
(666, 714)
(666, 715)
(666, 716)
(666, 717)
(666, 718)
(666, 719)
(666, 720)
(666, 721)
(666, 722)
(666, 723)
(666, 724)
(666, 725)
(666, 726)
(666, 727)
(666, 728)
(666, 729)
(666, 730)
(667, 667)
(667, 668)
(667, 669)
(667, 670)
(667, 671)
(667, 672)
(667, 673)
(667, 674)
(667, 675)
(667, 676)
(667, 677)
(667, 678)
(667, 679)
(667, 680)
(667, 681)
(667, 682)
(667, 683)
(667, 684)
(667, 685)
(667, 686)
(667, 687)
(667, 688)
(667, 689)
(667, 690)
(667, 691)
(667, 692)
(667, 693)
(667, 694)
(667, 695)
(667, 696)
(667, 697)
(667, 698)
(667, 699)
(667, 700)
(667, 701)
(667, 702)
(667, 703)
(667, 704)
(667, 705)
(667, 706)
(667, 707)
(667, 708)
(667, 709)
(667, 710)
(667, 711)
(667, 712)
(667, 713)
(667, 714)
(667, 715)
(667, 716)
(667, 717)
(667, 718)
(667, 719)
(667, 720)
(667, 721)
(667, 722)
(667, 723)
(667, 724)
(667, 725)
(667, 726)
(667, 727)
(667, 728)
(667, 729)
(667, 730)
(668, 668)
(668, 669)
(668, 670)
(668, 671)
(668, 672)
(668, 673)
(668, 674)
(668, 675)
(668, 676)
(668, 677)
(668, 678)
(668, 679)
(668, 680)
(668, 681)
(668, 682)
(668, 683)
(668, 684)
(668, 685)
(668, 686)
(668, 687)
(668, 688)
(668, 689)
(668, 690)
(668, 691)
(668, 692)
(668, 693)
(668, 694)
(668, 695)
(668, 696)
(668, 697)
(668, 698)
(668, 699)
(668, 700)
(668, 701)
(668, 702)
(668, 703)
(668, 704)
(668, 705)
(668, 706)
(668, 707)
(668, 708)
(668, 709)
(668, 710)
(668, 711)
(668, 712)
(668, 713)
(668, 714)
(668, 715)
(668, 716)
(668, 717)
(668, 718)
(668, 719)
(668, 720)
(668, 721)
(668, 722)
(668, 723)
(668, 724)
(668, 725)
(668, 726)
(668, 727)
(668, 728)
(668, 729)
(668, 730)
(669, 669)
(669, 670)
(669, 671)
(669, 672)
(669, 673)
(669, 674)
(669, 675)
(669, 676)
(669, 677)
(669, 678)
(669, 679)
(669, 680)
(669, 681)
(669, 682)
(669, 683)
(669, 684)
(669, 685)
(669, 686)
(669, 687)
(669, 688)
(669, 689)
(669, 690)
(669, 691)
(669, 692)
(669, 693)
(669, 694)
(669, 695)
(669, 696)
(669, 697)
(669, 698)
(669, 699)
(669, 700)
(669, 701)
(669, 702)
(669, 703)
(669, 704)
(669, 705)
(669, 706)
(669, 707)
(669, 708)
(669, 709)
(669, 710)
(669, 711)
(669, 712)
(669, 713)
(669, 714)
(669, 715)
(669, 716)
(669, 717)
(669, 718)
(669, 719)
(669, 720)
(669, 721)
(669, 722)
(669, 723)
(669, 724)
(669, 725)
(669, 726)
(669, 727)
(669, 728)
(669, 729)
(669, 730)
(670, 670)
(670, 671)
(670, 672)
(670, 673)
(670, 674)
(670, 675)
(670, 676)
(670, 677)
(670, 678)
(670, 679)
(670, 680)
(670, 681)
(670, 682)
(670, 683)
(670, 684)
(670, 685)
(670, 686)
(670, 687)
(670, 688)
(670, 689)
(670, 690)
(670, 691)
(670, 692)
(670, 693)
(670, 694)
(670, 695)
(670, 696)
(670, 697)
(670, 698)
(670, 699)
(670, 700)
(670, 701)
(670, 702)
(670, 703)
(670, 704)
(670, 705)
(670, 706)
(670, 707)
(670, 708)
(670, 709)
(670, 710)
(670, 711)
(670, 712)
(670, 713)
(670, 714)
(670, 715)
(670, 716)
(670, 717)
(670, 718)
(670, 719)
(670, 720)
(670, 721)
(670, 722)
(670, 723)
(670, 724)
(670, 725)
(670, 726)
(670, 727)
(670, 728)
(670, 729)
(670, 730)
(671, 671)
(671, 672)
(671, 673)
(671, 674)
(671, 675)
(671, 676)
(671, 677)
(671, 678)
(671, 679)
(671, 680)
(671, 681)
(671, 682)
(671, 683)
(671, 684)
(671, 685)
(671, 686)
(671, 687)
(671, 688)
(671, 689)
(671, 690)
(671, 691)
(671, 692)
(671, 693)
(671, 694)
(671, 695)
(671, 696)
(671, 697)
(671, 698)
(671, 699)
(671, 700)
(671, 701)
(671, 702)
(671, 703)
(671, 704)
(671, 705)
(671, 706)
(671, 707)
(671, 708)
(671, 709)
(671, 710)
(671, 711)
(671, 712)
(671, 713)
(671, 714)
(671, 715)
(671, 716)
(671, 717)
(671, 718)
(671, 719)
(671, 720)
(671, 721)
(671, 722)
(671, 723)
(671, 724)
(671, 725)
(671, 726)
(671, 727)
(671, 728)
(671, 729)
(671, 730)
(672, 672)
(672, 673)
(672, 674)
(672, 675)
(672, 676)
(672, 677)
(672, 678)
(672, 679)
(672, 680)
(672, 681)
(672, 682)
(672, 683)
(672, 684)
(672, 685)
(672, 686)
(672, 687)
(672, 688)
(672, 689)
(672, 690)
(672, 691)
(672, 692)
(672, 693)
(672, 694)
(672, 695)
(672, 696)
(672, 697)
(672, 698)
(672, 699)
(672, 700)
(672, 701)
(672, 702)
(672, 703)
(672, 704)
(672, 705)
(672, 706)
(672, 707)
(672, 708)
(672, 709)
(672, 710)
(672, 711)
(672, 712)
(672, 713)
(672, 714)
(672, 715)
(672, 716)
(672, 717)
(672, 718)
(672, 719)
(672, 720)
(672, 721)
(672, 722)
(672, 723)
(672, 724)
(672, 725)
(672, 726)
(672, 727)
(672, 728)
(672, 729)
(672, 730)
(673, 673)
(673, 674)
(673, 675)
(673, 676)
(673, 677)
(673, 678)
(673, 679)
(673, 680)
(673, 681)
(673, 682)
(673, 683)
(673, 684)
(673, 685)
(673, 686)
(673, 687)
(673, 688)
(673, 689)
(673, 690)
(673, 691)
(673, 692)
(673, 693)
(673, 694)
(673, 695)
(673, 696)
(673, 697)
(673, 698)
(673, 699)
(673, 700)
(673, 701)
(673, 702)
(673, 703)
(673, 704)
(673, 705)
(673, 706)
(673, 707)
(673, 708)
(673, 709)
(673, 710)
(673, 711)
(673, 712)
(673, 713)
(673, 714)
(673, 715)
(673, 716)
(673, 717)
(673, 718)
(673, 719)
(673, 720)
(673, 721)
(673, 722)
(673, 723)
(673, 724)
(673, 725)
(673, 726)
(673, 727)
(673, 728)
(673, 729)
(673, 730)
(674, 674)
(674, 675)
(674, 676)
(674, 677)
(674, 678)
(674, 679)
(674, 680)
(674, 681)
(674, 682)
(674, 683)
(674, 684)
(674, 685)
(674, 686)
(674, 687)
(674, 688)
(674, 689)
(674, 690)
(674, 691)
(674, 692)
(674, 693)
(674, 694)
(674, 695)
(674, 696)
(674, 697)
(674, 698)
(674, 699)
(674, 700)
(674, 701)
(674, 702)
(674, 703)
(674, 704)
(674, 705)
(674, 706)
(674, 707)
(674, 708)
(674, 709)
(674, 710)
(674, 711)
(674, 712)
(674, 713)
(674, 714)
(674, 715)
(674, 716)
(674, 717)
(674, 718)
(674, 719)
(674, 720)
(674, 721)
(674, 722)
(674, 723)
(674, 724)
(674, 725)
(674, 726)
(674, 727)
(674, 728)
(674, 729)
(674, 730)
(675, 675)
(675, 676)
(675, 677)
(675, 678)
(675, 679)
(675, 680)
(675, 681)
(675, 682)
(675, 683)
(675, 684)
(675, 685)
(675, 686)
(675, 687)
(675, 688)
(675, 689)
(675, 690)
(675, 691)
(675, 692)
(675, 693)
(675, 694)
(675, 695)
(675, 696)
(675, 697)
(675, 698)
(675, 699)
(675, 700)
(675, 701)
(675, 702)
(675, 703)
(675, 704)
(675, 705)
(675, 706)
(675, 707)
(675, 708)
(675, 709)
(675, 710)
(675, 711)
(675, 712)
(675, 713)
(675, 714)
(675, 715)
(675, 716)
(675, 717)
(675, 718)
(675, 719)
(675, 720)
(675, 721)
(675, 722)
(675, 723)
(675, 724)
(675, 725)
(675, 726)
(675, 727)
(675, 728)
(675, 729)
(675, 730)
(676, 676)
(676, 677)
(676, 678)
(676, 679)
(676, 680)
(676, 681)
(676, 682)
(676, 683)
(676, 684)
(676, 685)
(676, 686)
(676, 687)
(676, 688)
(676, 689)
(676, 690)
(676, 691)
(676, 692)
(676, 693)
(676, 694)
(676, 695)
(676, 696)
(676, 697)
(676, 698)
(676, 699)
(676, 700)
(676, 701)
(676, 702)
(676, 703)
(676, 704)
(676, 705)
(676, 706)
(676, 707)
(676, 708)
(676, 709)
(676, 710)
(676, 711)
(676, 712)
(676, 713)
(676, 714)
(676, 715)
(676, 716)
(676, 717)
(676, 718)
(676, 719)
(676, 720)
(676, 721)
(676, 722)
(676, 723)
(676, 724)
(676, 725)
(676, 726)
(676, 727)
(676, 728)
(676, 729)
(676, 730)
(677, 677)
(677, 678)
(677, 679)
(677, 680)
(677, 681)
(677, 682)
(677, 683)
(677, 684)
(677, 685)
(677, 686)
(677, 687)
(677, 688)
(677, 689)
(677, 690)
(677, 691)
(677, 692)
(677, 693)
(677, 694)
(677, 695)
(677, 696)
(677, 697)
(677, 698)
(677, 699)
(677, 700)
(677, 701)
(677, 702)
(677, 703)
(677, 704)
(677, 705)
(677, 706)
(677, 707)
(677, 708)
(677, 709)
(677, 710)
(677, 711)
(677, 712)
(677, 713)
(677, 714)
(677, 715)
(677, 716)
(677, 717)
(677, 718)
(677, 719)
(677, 720)
(677, 721)
(677, 722)
(677, 723)
(677, 724)
(677, 725)
(677, 726)
(677, 727)
(677, 728)
(677, 729)
(677, 730)
(678, 678)
(678, 679)
(678, 680)
(678, 681)
(678, 682)
(678, 683)
(678, 684)
(678, 685)
(678, 686)
(678, 687)
(678, 688)
(678, 689)
(678, 690)
(678, 691)
(678, 692)
(678, 693)
(678, 694)
(678, 695)
(678, 696)
(678, 697)
(678, 698)
(678, 699)
(678, 700)
(678, 701)
(678, 702)
(678, 703)
(678, 704)
(678, 705)
(678, 706)
(678, 707)
(678, 708)
(678, 709)
(678, 710)
(678, 711)
(678, 712)
(678, 713)
(678, 714)
(678, 715)
(678, 716)
(678, 717)
(678, 718)
(678, 719)
(678, 720)
(678, 721)
(678, 722)
(678, 723)
(678, 724)
(678, 725)
(678, 726)
(678, 727)
(678, 728)
(678, 729)
(678, 730)
(679, 679)
(679, 680)
(679, 681)
(679, 682)
(679, 683)
(679, 684)
(679, 685)
(679, 686)
(679, 687)
(679, 688)
(679, 689)
(679, 690)
(679, 691)
(679, 692)
(679, 693)
(679, 694)
(679, 695)
(679, 696)
(679, 697)
(679, 698)
(679, 699)
(679, 700)
(679, 701)
(679, 702)
(679, 703)
(679, 704)
(679, 705)
(679, 706)
(679, 707)
(679, 708)
(679, 709)
(679, 710)
(679, 711)
(679, 712)
(679, 713)
(679, 714)
(679, 715)
(679, 716)
(679, 717)
(679, 718)
(679, 719)
(679, 720)
(679, 721)
(679, 722)
(679, 723)
(679, 724)
(679, 725)
(679, 726)
(679, 727)
(679, 728)
(679, 729)
(679, 730)
(680, 680)
(680, 681)
(680, 682)
(680, 683)
(680, 684)
(680, 685)
(680, 686)
(680, 687)
(680, 688)
(680, 689)
(680, 690)
(680, 691)
(680, 692)
(680, 693)
(680, 694)
(680, 695)
(680, 696)
(680, 697)
(680, 698)
(680, 699)
(680, 700)
(680, 701)
(680, 702)
(680, 703)
(680, 704)
(680, 705)
(680, 706)
(680, 707)
(680, 708)
(680, 709)
(680, 710)
(680, 711)
(680, 712)
(680, 713)
(680, 714)
(680, 715)
(680, 716)
(680, 717)
(680, 718)
(680, 719)
(680, 720)
(680, 721)
(680, 722)
(680, 723)
(680, 724)
(680, 725)
(680, 726)
(680, 727)
(680, 728)
(680, 729)
(680, 730)
(681, 681)
(681, 682)
(681, 683)
(681, 684)
(681, 685)
(681, 686)
(681, 687)
(681, 688)
(681, 689)
(681, 690)
(681, 691)
(681, 692)
(681, 693)
(681, 694)
(681, 695)
(681, 696)
(681, 697)
(681, 698)
(681, 699)
(681, 700)
(681, 701)
(681, 702)
(681, 703)
(681, 704)
(681, 705)
(681, 706)
(681, 707)
(681, 708)
(681, 709)
(681, 710)
(681, 711)
(681, 712)
(681, 713)
(681, 714)
(681, 715)
(681, 716)
(681, 717)
(681, 718)
(681, 719)
(681, 720)
(681, 721)
(681, 722)
(681, 723)
(681, 724)
(681, 725)
(681, 726)
(681, 727)
(681, 728)
(681, 729)
(681, 730)
(682, 682)
(682, 683)
(682, 684)
(682, 685)
(682, 686)
(682, 687)
(682, 688)
(682, 689)
(682, 690)
(682, 691)
(682, 692)
(682, 693)
(682, 694)
(682, 695)
(682, 696)
(682, 697)
(682, 698)
(682, 699)
(682, 700)
(682, 701)
(682, 702)
(682, 703)
(682, 704)
(682, 705)
(682, 706)
(682, 707)
(682, 708)
(682, 709)
(682, 710)
(682, 711)
(682, 712)
(682, 713)
(682, 714)
(682, 715)
(682, 716)
(682, 717)
(682, 718)
(682, 719)
(682, 720)
(682, 721)
(682, 722)
(682, 723)
(682, 724)
(682, 725)
(682, 726)
(682, 727)
(682, 728)
(682, 729)
(682, 730)
(683, 683)
(683, 684)
(683, 685)
(683, 686)
(683, 687)
(683, 688)
(683, 689)
(683, 690)
(683, 691)
(683, 692)
(683, 693)
(683, 694)
(683, 695)
(683, 696)
(683, 697)
(683, 698)
(683, 699)
(683, 700)
(683, 701)
(683, 702)
(683, 703)
(683, 704)
(683, 705)
(683, 706)
(683, 707)
(683, 708)
(683, 709)
(683, 710)
(683, 711)
(683, 712)
(683, 713)
(683, 714)
(683, 715)
(683, 716)
(683, 717)
(683, 718)
(683, 719)
(683, 720)
(683, 721)
(683, 722)
(683, 723)
(683, 724)
(683, 725)
(683, 726)
(683, 727)
(683, 728)
(683, 729)
(683, 730)
(684, 684)
(684, 685)
(684, 686)
(684, 687)
(684, 688)
(684, 689)
(684, 690)
(684, 691)
(684, 692)
(684, 693)
(684, 694)
(684, 695)
(684, 696)
(684, 697)
(684, 698)
(684, 699)
(684, 700)
(684, 701)
(684, 702)
(684, 703)
(684, 704)
(684, 705)
(684, 706)
(684, 707)
(684, 708)
(684, 709)
(684, 710)
(684, 711)
(684, 712)
(684, 713)
(684, 714)
(684, 715)
(684, 716)
(684, 717)
(684, 718)
(684, 719)
(684, 720)
(684, 721)
(684, 722)
(684, 723)
(684, 724)
(684, 725)
(684, 726)
(684, 727)
(684, 728)
(684, 729)
(684, 730)
(685, 685)
(685, 686)
(685, 687)
(685, 688)
(685, 689)
(685, 690)
(685, 691)
(685, 692)
(685, 693)
(685, 694)
(685, 695)
(685, 696)
(685, 697)
(685, 698)
(685, 699)
(685, 700)
(685, 701)
(685, 702)
(685, 703)
(685, 704)
(685, 705)
(685, 706)
(685, 707)
(685, 708)
(685, 709)
(685, 710)
(685, 711)
(685, 712)
(685, 713)
(685, 714)
(685, 715)
(685, 716)
(685, 717)
(685, 718)
(685, 719)
(685, 720)
(685, 721)
(685, 722)
(685, 723)
(685, 724)
(685, 725)
(685, 726)
(685, 727)
(685, 728)
(685, 729)
(685, 730)
(686, 686)
(686, 687)
(686, 688)
(686, 689)
(686, 690)
(686, 691)
(686, 692)
(686, 693)
(686, 694)
(686, 695)
(686, 696)
(686, 697)
(686, 698)
(686, 699)
(686, 700)
(686, 701)
(686, 702)
(686, 703)
(686, 704)
(686, 705)
(686, 706)
(686, 707)
(686, 708)
(686, 709)
(686, 710)
(686, 711)
(686, 712)
(686, 713)
(686, 714)
(686, 715)
(686, 716)
(686, 717)
(686, 718)
(686, 719)
(686, 720)
(686, 721)
(686, 722)
(686, 723)
(686, 724)
(686, 725)
(686, 726)
(686, 727)
(686, 728)
(686, 729)
(686, 730)
(687, 687)
(687, 688)
(687, 689)
(687, 690)
(687, 691)
(687, 692)
(687, 693)
(687, 694)
(687, 695)
(687, 696)
(687, 697)
(687, 698)
(687, 699)
(687, 700)
(687, 701)
(687, 702)
(687, 703)
(687, 704)
(687, 705)
(687, 706)
(687, 707)
(687, 708)
(687, 709)
(687, 710)
(687, 711)
(687, 712)
(687, 713)
(687, 714)
(687, 715)
(687, 716)
(687, 717)
(687, 718)
(687, 719)
(687, 720)
(687, 721)
(687, 722)
(687, 723)
(687, 724)
(687, 725)
(687, 726)
(687, 727)
(687, 728)
(687, 729)
(687, 730)
(688, 688)
(688, 689)
(688, 690)
(688, 691)
(688, 692)
(688, 693)
(688, 694)
(688, 695)
(688, 696)
(688, 697)
(688, 698)
(688, 699)
(688, 700)
(688, 701)
(688, 702)
(688, 703)
(688, 704)
(688, 705)
(688, 706)
(688, 707)
(688, 708)
(688, 709)
(688, 710)
(688, 711)
(688, 712)
(688, 713)
(688, 714)
(688, 715)
(688, 716)
(688, 717)
(688, 718)
(688, 719)
(688, 720)
(688, 721)
(688, 722)
(688, 723)
(688, 724)
(688, 725)
(688, 726)
(688, 727)
(688, 728)
(688, 729)
(688, 730)
(689, 689)
(689, 690)
(689, 691)
(689, 692)
(689, 693)
(689, 694)
(689, 695)
(689, 696)
(689, 697)
(689, 698)
(689, 699)
(689, 700)
(689, 701)
(689, 702)
(689, 703)
(689, 704)
(689, 705)
(689, 706)
(689, 707)
(689, 708)
(689, 709)
(689, 710)
(689, 711)
(689, 712)
(689, 713)
(689, 714)
(689, 715)
(689, 716)
(689, 717)
(689, 718)
(689, 719)
(689, 720)
(689, 721)
(689, 722)
(689, 723)
(689, 724)
(689, 725)
(689, 726)
(689, 727)
(689, 728)
(689, 729)
(689, 730)
(690, 690)
(690, 691)
(690, 692)
(690, 693)
(690, 694)
(690, 695)
(690, 696)
(690, 697)
(690, 698)
(690, 699)
(690, 700)
(690, 701)
(690, 702)
(690, 703)
(690, 704)
(690, 705)
(690, 706)
(690, 707)
(690, 708)
(690, 709)
(690, 710)
(690, 711)
(690, 712)
(690, 713)
(690, 714)
(690, 715)
(690, 716)
(690, 717)
(690, 718)
(690, 719)
(690, 720)
(690, 721)
(690, 722)
(690, 723)
(690, 724)
(690, 725)
(690, 726)
(690, 727)
(690, 728)
(690, 729)
(690, 730)
(691, 691)
(691, 692)
(691, 693)
(691, 694)
(691, 695)
(691, 696)
(691, 697)
(691, 698)
(691, 699)
(691, 700)
(691, 701)
(691, 702)
(691, 703)
(691, 704)
(691, 705)
(691, 706)
(691, 707)
(691, 708)
(691, 709)
(691, 710)
(691, 711)
(691, 712)
(691, 713)
(691, 714)
(691, 715)
(691, 716)
(691, 717)
(691, 718)
(691, 719)
(691, 720)
(691, 721)
(691, 722)
(691, 723)
(691, 724)
(691, 725)
(691, 726)
(691, 727)
(691, 728)
(691, 729)
(691, 730)
(692, 692)
(692, 693)
(692, 694)
(692, 695)
(692, 696)
(692, 697)
(692, 698)
(692, 699)
(692, 700)
(692, 701)
(692, 702)
(692, 703)
(692, 704)
(692, 705)
(692, 706)
(692, 707)
(692, 708)
(692, 709)
(692, 710)
(692, 711)
(692, 712)
(692, 713)
(692, 714)
(692, 715)
(692, 716)
(692, 717)
(692, 718)
(692, 719)
(692, 720)
(692, 721)
(692, 722)
(692, 723)
(692, 724)
(692, 725)
(692, 726)
(692, 727)
(692, 728)
(692, 729)
(692, 730)
(693, 693)
(693, 694)
(693, 695)
(693, 696)
(693, 697)
(693, 698)
(693, 699)
(693, 700)
(693, 701)
(693, 702)
(693, 703)
(693, 704)
(693, 705)
(693, 706)
(693, 707)
(693, 708)
(693, 709)
(693, 710)
(693, 711)
(693, 712)
(693, 713)
(693, 714)
(693, 715)
(693, 716)
(693, 717)
(693, 718)
(693, 719)
(693, 720)
(693, 721)
(693, 722)
(693, 723)
(693, 724)
(693, 725)
(693, 726)
(693, 727)
(693, 728)
(693, 729)
(693, 730)
(694, 694)
(694, 695)
(694, 696)
(694, 697)
(694, 698)
(694, 699)
(694, 700)
(694, 701)
(694, 702)
(694, 703)
(694, 704)
(694, 705)
(694, 706)
(694, 707)
(694, 708)
(694, 709)
(694, 710)
(694, 711)
(694, 712)
(694, 713)
(694, 714)
(694, 715)
(694, 716)
(694, 717)
(694, 718)
(694, 719)
(694, 720)
(694, 721)
(694, 722)
(694, 723)
(694, 724)
(694, 725)
(694, 726)
(694, 727)
(694, 728)
(694, 729)
(695, 695)
(695, 696)
(695, 697)
(695, 698)
(695, 699)
(695, 700)
(695, 701)
(695, 702)
(695, 703)
(695, 704)
(695, 705)
(695, 706)
(695, 707)
(695, 708)
(695, 709)
(695, 710)
(695, 711)
(695, 712)
(695, 713)
(695, 714)
(695, 715)
(695, 716)
(695, 717)
(695, 718)
(695, 719)
(695, 720)
(695, 721)
(695, 722)
(695, 723)
(695, 724)
(695, 725)
(695, 726)
(695, 727)
(695, 728)
(695, 729)
(696, 696)
(696, 697)
(696, 698)
(696, 699)
(696, 700)
(696, 701)
(696, 702)
(696, 703)
(696, 704)
(696, 705)
(696, 706)
(696, 707)
(696, 708)
(696, 709)
(696, 710)
(696, 711)
(696, 712)
(696, 713)
(696, 714)
(696, 715)
(696, 716)
(696, 717)
(696, 718)
(696, 719)
(696, 720)
(696, 721)
(696, 722)
(696, 723)
(696, 724)
(696, 725)
(696, 726)
(696, 727)
(696, 728)
(696, 729)
(697, 697)
(697, 698)
(697, 699)
(697, 700)
(697, 701)
(697, 702)
(697, 703)
(697, 704)
(697, 705)
(697, 706)
(697, 707)
(697, 708)
(697, 709)
(697, 710)
(697, 711)
(697, 712)
(697, 713)
(697, 714)
(697, 715)
(697, 716)
(697, 717)
(697, 718)
(697, 719)
(697, 720)
(697, 721)
(697, 722)
(697, 723)
(697, 724)
(697, 725)
(697, 726)
(697, 727)
(697, 728)
(697, 729)
(698, 698)
(698, 699)
(698, 700)
(698, 701)
(698, 702)
(698, 703)
(698, 704)
(698, 705)
(698, 706)
(698, 707)
(698, 708)
(698, 709)
(698, 710)
(698, 711)
(698, 712)
(698, 713)
(698, 714)
(698, 715)
(698, 716)
(698, 717)
(698, 718)
(698, 719)
(698, 720)
(698, 721)
(698, 722)
(698, 723)
(698, 724)
(698, 725)
(698, 726)
(698, 727)
(698, 728)
(698, 729)
(699, 699)
(699, 700)
(699, 701)
(699, 702)
(699, 703)
(699, 704)
(699, 705)
(699, 706)
(699, 707)
(699, 708)
(699, 709)
(699, 710)
(699, 711)
(699, 712)
(699, 713)
(699, 714)
(699, 715)
(699, 716)
(699, 717)
(699, 718)
(699, 719)
(699, 720)
(699, 721)
(699, 722)
(699, 723)
(699, 724)
(699, 725)
(699, 726)
(699, 727)
(699, 728)
(699, 729)
(700, 700)
(700, 701)
(700, 702)
(700, 703)
(700, 704)
(700, 705)
(700, 706)
(700, 707)
(700, 708)
(700, 709)
(700, 710)
(700, 711)
(700, 712)
(700, 713)
(700, 714)
(700, 715)
(700, 716)
(700, 717)
(700, 718)
(700, 719)
(700, 720)
(700, 721)
(700, 722)
(700, 723)
(700, 724)
(700, 725)
(700, 726)
(700, 727)
(700, 728)
(700, 729)
(701, 701)
(701, 702)
(701, 703)
(701, 704)
(701, 705)
(701, 706)
(701, 707)
(701, 708)
(701, 709)
(701, 710)
(701, 711)
(701, 712)
(701, 713)
(701, 714)
(701, 715)
(701, 716)
(701, 717)
(701, 718)
(701, 719)
(701, 720)
(701, 721)
(701, 722)
(701, 723)
(701, 724)
(701, 725)
(701, 726)
(701, 727)
(701, 728)
(701, 729)
(702, 702)
(702, 703)
(702, 704)
(702, 705)
(702, 706)
(702, 707)
(702, 708)
(702, 709)
(702, 710)
(702, 711)
(702, 712)
(702, 713)
(702, 714)
(702, 715)
(702, 716)
(702, 717)
(702, 718)
(702, 719)
(702, 720)
(702, 721)
(702, 722)
(702, 723)
(702, 724)
(702, 725)
(702, 726)
(702, 727)
(702, 728)
(702, 729)
(703, 703)
(703, 704)
(703, 705)
(703, 706)
(703, 707)
(703, 708)
(703, 709)
(703, 710)
(703, 711)
(703, 712)
(703, 713)
(703, 714)
(703, 715)
(703, 716)
(703, 717)
(703, 718)
(703, 719)
(703, 720)
(703, 721)
(703, 722)
(703, 723)
(703, 724)
(703, 725)
(703, 726)
(703, 727)
(703, 728)
(703, 729)
(704, 704)
(704, 705)
(704, 706)
(704, 707)
(704, 708)
(704, 709)
(704, 710)
(704, 711)
(704, 712)
(704, 713)
(704, 714)
(704, 715)
(704, 716)
(704, 717)
(704, 718)
(704, 719)
(704, 720)
(704, 721)
(704, 722)
(704, 723)
(704, 724)
(704, 725)
(704, 726)
(704, 727)
(704, 728)
(704, 729)
(705, 705)
(705, 706)
(705, 707)
(705, 708)
(705, 709)
(705, 710)
(705, 711)
(705, 712)
(705, 713)
(705, 714)
(705, 715)
(705, 716)
(705, 717)
(705, 718)
(705, 719)
(705, 720)
(705, 721)
(705, 722)
(705, 723)
(705, 724)
(705, 725)
(705, 726)
(705, 727)
(705, 728)
(705, 729)
(706, 706)
(706, 707)
(706, 708)
(706, 709)
(706, 710)
(706, 711)
(706, 712)
(706, 713)
(706, 714)
(706, 715)
(706, 716)
(706, 717)
(706, 718)
(706, 719)
(706, 720)
(706, 721)
(706, 722)
(706, 723)
(706, 724)
(706, 725)
(706, 726)
(706, 727)
(706, 728)
(706, 729)
(707, 707)
(707, 708)
(707, 709)
(707, 710)
(707, 711)
(707, 712)
(707, 713)
(707, 714)
(707, 715)
(707, 716)
(707, 717)
(707, 718)
(707, 719)
(707, 720)
(707, 721)
(707, 722)
(707, 723)
(707, 724)
(707, 725)
(707, 726)
(707, 727)
(707, 728)
(707, 729)
(708, 708)
(708, 709)
(708, 710)
(708, 711)
(708, 712)
(708, 713)
(708, 714)
(708, 715)
(708, 716)
(708, 717)
(708, 718)
(708, 719)
(708, 720)
(708, 721)
(708, 722)
(708, 723)
(708, 724)
(708, 725)
(708, 726)
(708, 727)
(708, 728)
(708, 729)
(709, 709)
(709, 710)
(709, 711)
(709, 712)
(709, 713)
(709, 714)
(709, 715)
(709, 716)
(709, 717)
(709, 718)
(709, 719)
(709, 720)
(709, 721)
(709, 722)
(709, 723)
(709, 724)
(709, 725)
(709, 726)
(709, 727)
(709, 728)
(709, 729)
(710, 710)
(710, 711)
(710, 712)
(710, 713)
(710, 714)
(710, 715)
(710, 716)
(710, 717)
(710, 718)
(710, 719)
(710, 720)
(710, 721)
(710, 722)
(710, 723)
(710, 724)
(710, 725)
(710, 726)
(710, 727)
(710, 728)
(710, 729)
(711, 711)
(711, 712)
(711, 713)
(711, 714)
(711, 715)
(711, 716)
(711, 717)
(711, 718)
(711, 719)
(711, 720)
(711, 721)
(711, 722)
(711, 723)
(711, 724)
(711, 725)
(711, 726)
(711, 727)
(711, 728)
(711, 729)
(712, 712)
(712, 713)
(712, 714)
(712, 715)
(712, 716)
(712, 717)
(712, 718)
(712, 719)
(712, 720)
(712, 721)
(712, 722)
(712, 723)
(712, 724)
(712, 725)
(712, 726)
(712, 727)
(712, 728)
(712, 729)
(713, 713)
(713, 714)
(713, 715)
(713, 716)
(713, 717)
(713, 718)
(713, 719)
(713, 720)
(713, 721)
(713, 722)
(713, 723)
(713, 724)
(713, 725)
(713, 726)
(713, 727)
(713, 728)
(713, 729)
(714, 714)
(714, 715)
(714, 716)
(714, 717)
(714, 718)
(714, 719)
(714, 720)
(714, 721)
(714, 722)
(714, 723)
(714, 724)
(714, 725)
(714, 726)
(714, 727)
(714, 728)
(714, 729)
(715, 715)
(715, 716)
(715, 717)
(715, 718)
(715, 719)
(715, 720)
(715, 721)
(715, 722)
(715, 723)
(715, 724)
(715, 725)
(715, 726)
(715, 727)
(715, 728)
(715, 729)
(716, 716)
(716, 717)
(716, 718)
(716, 719)
(716, 720)
(716, 721)
(716, 722)
(716, 723)
(716, 724)
(716, 725)
(716, 726)
(716, 727)
(716, 728)
(716, 729)
(716, 730)
(717, 717)
(717, 718)
(717, 719)
(717, 720)
(717, 721)
(717, 722)
(717, 723)
(717, 724)
(717, 725)
(717, 726)
(717, 727)
(717, 728)
(717, 729)
(717, 730)
(718, 718)
(718, 719)
(718, 720)
(718, 721)
(718, 722)
(718, 723)
(718, 724)
(718, 725)
(718, 726)
(718, 727)
(718, 728)
(718, 729)
(718, 730)
(719, 719)
(719, 720)
(719, 721)
(719, 722)
(719, 723)
(719, 724)
(719, 725)
(719, 726)
(719, 727)
(719, 728)
(719, 729)
(719, 730)
(720, 720)
(720, 721)
(720, 722)
(720, 723)
(720, 724)
(720, 725)
(720, 726)
(720, 727)
(720, 728)
(720, 729)
(720, 730)
(720, 731)
(721, 721)
(721, 722)
(721, 723)
(721, 724)
(721, 725)
(721, 726)
(721, 727)
(721, 728)
(721, 729)
(721, 730)
(721, 731)
(722, 722)
(722, 723)
(722, 724)
(722, 725)
(722, 726)
(722, 727)
(722, 728)
(722, 729)
(722, 730)
(722, 731)
(723, 723)
(723, 724)
(723, 725)
(723, 726)
(723, 727)
(723, 728)
(723, 729)
(723, 730)
(723, 731)
(723, 732)
(724, 724)
(724, 725)
(724, 726)
(724, 727)
(724, 728)
(724, 729)
(724, 730)
(724, 731)
(724, 732)
(725, 725)
(725, 726)
(725, 727)
(725, 728)
(725, 729)
(725, 730)
(725, 731)
(725, 732)
(726, 726)
(726, 727)
(726, 728)
(726, 729)
(726, 730)
(726, 731)
(726, 732)
(726, 733)
(727, 727)
(727, 728)
(727, 729)
(727, 730)
(727, 731)
(727, 732)
(727, 733)
(728, 728)
(728, 729)
(728, 730)
(728, 731)
(728, 732)
(728, 733)
(728, 734)
(729, 729)
(729, 730)
(729, 731)
(729, 732)
(729, 733)
(729, 734)
(730, 730)
(730, 731)
(730, 732)
(730, 733)
(730, 734)
(731, 731)
(731, 732)
(731, 733)
(731, 734)
(731, 735)
(732, 732)
(732, 733)
(732, 734)
(732, 735)
(733, 736)
(733, 733)
(733, 734)
(733, 735)
(734, 736)
(734, 737)
(734, 734)
(734, 735)
(735, 736)
(735, 737)
(735, 738)
(735, 735)
(736, 736)
(736, 737)
(736, 738)
(737, 737)
(737, 738)
(737, 739)
(738, 738)
(738, 739)
(738, 740)
(739, 739)
(739, 740)
(739, 741)
(740, 740)
(740, 741)
(740, 742)
(741, 741)
(741, 742)
(741, 743)
(742, 742)
(742, 743)
(742, 744)
(743, 744)
(743, 743)
(744, 744)
(744, 745)
(745, 745)
(745, 746)
(746, 746)
(746, 747)
(747, 747)
(747, 748)
(748, 748)
(748, 749)
(749, 749)
(749, 750)
(750, 750)
(750, 751)
(751, 752)
(751, 751)
(752, 752)
(752, 753)
(753, 753)
(754, 754)
(755, 755)
(756, 756)
(757, 757)
(758, 758)
(759, 759)
(760, 760)
(761, 761)
(762, 762)
(763, 763)
(764, 764)
(765, 765)
(766, 766)
(767, 767)
(768, 768)
(769, 769)
(770, 770)
(771, 771)
(772, 772)
(773, 773)
(774, 774)
(775, 775)
(776, 776)
(777, 777)
(778, 778)
(779, 779)
(780, 780)
(781, 781)
(782, 782)
(783, 783)
(784, 784)
(785, 785)
(786, 786)
(787, 787)
(788, 788)
(789, 789)
(790, 790)
(791, 791)
(792, 792)
(793, 793)
(794, 794)
(795, 795)
(796, 796)
(797, 797)
(798, 798)
(799, 799)
(800, 800)
(801, 801)
(802, 802)
(803, 803)
(804, 804)
(805, 805)
(806, 806)
(807, 807)
(808, 808)
(809, 809)
(810, 810)
(811, 811)
(812, 812)
(813, 813)
(814, 814)
(815, 815)
(816, 816)
(817, 817)
(818, 818)
(819, 819)
(820, 820)
(821, 821)
(822, 822)
(823, 823)
(824, 824)
(825, 825)
(826, 826)
(827, 827)
(828, 828)
(829, 829)
(830, 830)
(831, 831)
(832, 832)
(833, 833)
(834, 834)
(835, 835)
(836, 836)
(837, 837)
(838, 838)
(839, 839)
(840, 840)
(841, 841)
(842, 842)
(843, 843)
(844, 844)
(845, 845)
(846, 846)
(847, 847)
(848, 848)
(849, 849)
(850, 850)
(851, 851)
(852, 852)
(853, 853)
(854, 854)
(855, 855)
(856, 856)
(857, 857)
(858, 858)
(859, 859)
(860, 860)
(861, 861)
(862, 862)
(863, 863)
(864, 864)
(865, 865)
(866, 866)
(867, 867)
(868, 868)
(869, 869)
(870, 870)
(871, 871)
(872, 872)
(873, 873)
(874, 874)
(875, 875)
(876, 876)
(877, 877)
(878, 878)
(879, 879)
(880, 880)
(881, 881)
(882, 882)
(883, 883)
(884, 884)
(885, 885)
(886, 886)
(887, 887)
(888, 888)
(889, 889)
(890, 890)
(891, 891)
(892, 892)
(893, 893)
(894, 894)
(895, 895)
(896, 896)
(897, 897)
(898, 898)
(899, 899)
(900, 900)
(901, 901)
(901, 902)
(902, 902)
(902, 903)
(903, 904)
(903, 903)
(904, 904)
(904, 905)
(905, 905)
(905, 906)
(906, 906)
(906, 907)
(907, 907)
(907, 908)
(908, 908)
(908, 909)
(909, 909)
(909, 910)
(910, 910)
(910, 911)
(911, 912)
(911, 911)
(912, 912)
(912, 913)
(913, 913)
(913, 914)
(914, 914)
(914, 915)
(915, 915)
(915, 916)
(916, 916)
(916, 917)
(917, 917)
(917, 918)
(918, 918)
(918, 919)
(919, 919)
(920, 920)
(921, 921)
(922, 922)
(923, 923)
(924, 924)
(925, 925)
(926, 926)
(927, 927)
(928, 928)
(929, 929)
(930, 930)
(931, 931)
(932, 932)
(933, 933)
(934, 934)
(935, 935)
(936, 936)
(937, 937)
(938, 938)
(939, 939)
(940, 940)
(941, 941)
(942, 942)
(943, 943)
(944, 944)
(945, 945)
(946, 946)
(947, 947)
(948, 948)
(949, 949)
(950, 950)
(951, 951)
(952, 952)
(953, 953)
(954, 954)
(955, 955)
(956, 956)
(957, 957)
(958, 958)
(959, 959)
(960, 960)
(961, 961)
(962, 962)
(963, 963)
(964, 964)
(965, 965)
(966, 966)
(967, 967)
(968, 968)
(969, 969)
(970, 970)
(971, 971)
(972, 972)
(973, 973)
(974, 974)
(975, 975)
(976, 976)
(977, 977)
(978, 978)
(979, 979)
(980, 980)
(981, 981)
(982, 982)
(983, 983)
(984, 984)
(985, 985)
(986, 986)
(987, 987)
(988, 988)
(989, 989)
(990, 990)
(991, 991)
(992, 992)
(993, 993)
(994, 994)
(995, 995)
(995, 996)
(996, 996)
(996, 997)
(997, 997)
(997, 998)
(998, 998)
(998, 999)
(999, 1000)
(999, 999)
(1000, 1000)
(1000, 1001)
(1001, 1001)
(1001, 1002)
(1002, 1002)
(1002, 1003)
(1003, 1003)
(1003, 1004)
(1004, 1004)
(1004, 1005)
(1005, 1005)
(1005, 1006)
(1006, 1006)
(1006, 1007)
(1007, 1008)
(1007, 1007)
(1008, 1008)
(1008, 1009)
(1009, 1009)
(1009, 1010)
(1010, 1010)
(1010, 1011)
(1011, 1011)
(1011, 1012)
(1012, 1012)
(1012, 1013)
(1013, 1013)
(1013, 1014)
(1014, 1014)
(1014, 1015)
(1015, 1016)
(1015, 1015)
(1016, 1016)
(1016, 1017)
(1017, 1017)
(1017, 1018)
(1017, 1019)
(1018, 1018)
(1018, 1019)
(1018, 1020)
(1019, 1019)
(1019, 1020)
(1019, 1021)
(1020, 1020)
(1020, 1021)
(1020, 1022)
(1021, 1021)
(1021, 1022)
(1021, 1023)
(1022, 1024)
(1022, 1022)
(1022, 1023)
(1023, 1024)
(1023, 1025)
(1023, 1023)
(1024, 1024)
(1024, 1025)
(1024, 1026)
(1025, 1025)
(1025, 1026)
(1025, 1027)
(1026, 1026)
(1026, 1027)
(1026, 1028)
(1027, 1027)
(1027, 1028)
(1027, 1029)
(1028, 1028)
(1028, 1029)
(1028, 1030)
(1029, 1029)
(1029, 1030)
(1029, 1031)
(1030, 1030)
(1030, 1031)
(1030, 1032)
(1031, 1031)
(1031, 1032)
(1031, 1033)
(1032, 1032)
(1032, 1033)
(1032, 1034)
(1033, 1033)
(1033, 1034)
(1033, 1035)
(1034, 1034)
(1034, 1035)
(1034, 1036)
(1035, 1035)
(1035, 1036)
(1035, 1037)
(1036, 1036)
(1036, 1037)
(1036, 1038)
(1037, 1037)
(1037, 1038)
(1037, 1039)
(1038, 1040)
(1038, 1038)
(1038, 1039)
(1039, 1040)
(1039, 1041)
(1039, 1039)
(1040, 1040)
(1040, 1041)
(1040, 1042)
(1041, 1041)
(1041, 1042)
(1041, 1043)
(1042, 1042)
(1042, 1043)
(1042, 1044)
(1043, 1043)
(1043, 1044)
(1043, 1045)
(1044, 1044)
(1044, 1045)
(1044, 1046)
(1045, 1045)
(1045, 1046)
(1046, 1046)
(1046, 1047)
(1047, 1048)
(1047, 1047)
(1048, 1048)
(1048, 1049)
(1049, 1049)
(1049, 1050)
(1050, 1050)
(1050, 1051)
(1051, 1051)
(1051, 1052)
(1052, 1052)
(1052, 1053)
(1053, 1053)
(1053, 1054)
(1054, 1054)
(1054, 1055)
(1055, 1056)
(1055, 1055)
(1056, 1056)
(1056, 1057)
(1057, 1057)
(1057, 1058)
(1058, 1058)
(1058, 1059)
(1059, 1059)
(1059, 1060)
(1060, 1060)
(1060, 1061)
(1061, 1061)
(1061, 1062)
(1062, 1062)
(1062, 1063)
(1063, 1063)
(1063, 1064)
(1064, 1064)
(1064, 1065)
(1065, 1065)
(1065, 1066)
(1066, 1066)
(1066, 1067)
(1067, 1067)
(1067, 1068)
(1068, 1068)
(1068, 1069)
(1069, 1069)
(1069, 1070)
(1070, 1070)
(1070, 1071)
(1071, 1072)
(1071, 1071)
(1072, 1072)
(1072, 1073)
(1073, 1073)
(1073, 1074)
(1074, 1074)
(1074, 1075)
(1075, 1075)
(1075, 1076)
(1076, 1076)
(1076, 1077)
(1077, 1077)
(1077, 1078)
(1078, 1078)
(1078, 1079)
(1079, 1080)
(1079, 1079)
(1080, 1080)
(1080, 1081)
(1081, 1081)
(1081, 1082)
(1082, 1082)
(1082, 1083)
(1083, 1083)
(1083, 1084)
(1084, 1084)
(1084, 1085)
(1084, 1086)
(1085, 1088)
(1085, 1085)
(1085, 1086)
(1085, 1087)
(1086, 1088)
(1086, 1089)
(1086, 1090)
(1086, 1091)
(1086, 1092)
(1086, 1093)
(1086, 1094)
(1086, 1095)
(1086, 1096)
(1086, 1097)
(1086, 1098)
(1086, 1099)
(1086, 1100)
(1086, 1086)
(1086, 1087)
(1087, 1088)
(1087, 1089)
(1087, 1090)
(1087, 1091)
(1087, 1092)
(1087, 1093)
(1087, 1094)
(1087, 1095)
(1087, 1096)
(1087, 1097)
(1087, 1098)
(1087, 1099)
(1087, 1100)
(1087, 1087)
(1088, 1088)
(1088, 1089)
(1088, 1090)
(1088, 1091)
(1088, 1092)
(1088, 1093)
(1088, 1094)
(1088, 1095)
(1088, 1096)
(1088, 1097)
(1088, 1098)
(1088, 1099)
(1088, 1100)
(1089, 1089)
(1089, 1090)
(1089, 1091)
(1089, 1092)
(1089, 1093)
(1089, 1094)
(1089, 1095)
(1089, 1096)
(1089, 1097)
(1089, 1098)
(1089, 1099)
(1089, 1100)
(1090, 1090)
(1090, 1091)
(1090, 1092)
(1090, 1093)
(1090, 1094)
(1090, 1095)
(1090, 1096)
(1090, 1097)
(1090, 1098)
(1090, 1099)
(1090, 1100)
(1091, 1091)
(1091, 1092)
(1091, 1093)
(1091, 1094)
(1091, 1095)
(1091, 1096)
(1091, 1097)
(1091, 1098)
(1091, 1099)
(1091, 1100)
(1092, 1092)
(1092, 1093)
(1092, 1094)
(1092, 1095)
(1092, 1096)
(1092, 1097)
(1092, 1098)
(1092, 1099)
(1092, 1100)
(1093, 1093)
(1093, 1094)
(1093, 1095)
(1093, 1096)
(1093, 1097)
(1093, 1098)
(1093, 1099)
(1093, 1100)
(1094, 1094)
(1094, 1095)
(1094, 1096)
(1094, 1097)
(1094, 1098)
(1094, 1099)
(1094, 1100)
(1095, 1095)
(1095, 1096)
(1095, 1097)
(1095, 1098)
(1095, 1099)
(1095, 1100)
(1096, 1096)
(1096, 1097)
(1096, 1098)
(1096, 1099)
(1096, 1100)
(1097, 1097)
(1097, 1098)
(1097, 1099)
(1097, 1100)
(1098, 1098)
(1098, 1099)
(1098, 1100)
(1099, 1099)
(1099, 1100)
(1100, 1100)
